0	0
1	0
2	0
3	51
4	29
5	23
6	314
7	24
8	217
9	81
10	99
11	743
12	65
13	11
14	114
15	403
16	15
17	45
18	12
19	57
20	187
21	76
22	2
23	92
24	309
25	90
26	95
27	102
28	230
29	179
30	28
31	15
32	17
33	56
34	23
35	159
36	253
37	20
38	27
39	63
40	11
41	30
42	89
43	4
44	44
45	8
46	59
47	146
48	21
49	36
50	43
51	24
52	1
53	39
54	45
55	120
56	168
57	13
58	38
59	94
60	9
61	20
62	17
63	1
64	10
65	2
66	44
67	17
68	275
69	0
70	0
71	109
72	303
73	13
74	69
75	95
76	2
77	25
78	41
79	53
80	98
81	18
82	1
83	8
84	1
85	1
86	218
87	195
88	1
89	45
90	72
91	2
92	5
93	18
94	103
95	40
96	2
97	0
98	8
99	24
100	5
101	16
102	5
103	68
104	30
105	24
106	9
107	4
108	12
109	190
110	95
111	29
112	1
113	89
114	1
115	3
116	2
117	1
118	1
119	1
120	8
121	9
122	213
123	1
124	3
125	29
126	25
127	150
128	80
129	4
130	33
131	0
132	55
133	10
134	2
135	42
136	99
137	1
138	72
139	37
140	50
141	1
142	25
143	94
144	29
145	18
146	1
147	72
148	0
149	1
150	52
151	107
152	67
153	19
154	76
155	81
156	4
157	44
158	7
159	1
160	1
161	32
162	4
163	23
164	8
165	3
166	93
167	12
168	33
169	3
170	0
171	115
172	123
173	334
174	1
175	20
176	39
177	19
178	96
179	17
180	54
181	3
182	111
183	27
184	0
185	4
186	0
187	37
188	4
189	1
190	2
191	13
192	43
193	21
194	5
195	1
196	1
197	11
198	1
199	17
200	1
201	21
202	6
203	31
204	142
205	12
206	1
207	1
208	6
209	10
210	1
211	2
212	1
213	1
214	175
215	100
216	29
217	1
218	2
219	18
220	0
221	10
222	12
223	19
224	29
225	1
226	44
227	31
228	48
229	0
230	49
231	50
232	44
233	1
234	1
235	2
236	55
237	41
238	3
239	1
240	5
241	8
242	2
243	86
244	4
245	3
246	23
247	11
248	1
249	15
250	22
251	8
252	38
253	1
254	25
255	104
256	10
257	32
258	17
259	126
260	6
261	31
262	0
263	22
264	1
265	31
266	13
267	1
268	3
269	30
270	14
271	192
272	0
273	19
274	29
275	56
276	7
277	2
278	0
279	0
280	98
281	0
282	130
283	2
284	7
285	67
286	19
287	1
288	1
289	1
290	194
291	37
292	6
293	3
294	1
295	5
296	10
297	1
298	48
299	158
300	22
301	14
302	36
303	3
304	115
305	7
306	263
307	5
308	172
309	1
310	268
311	346
312	227
313	94
314	14
315	77
316	3
317	173
318	3
319	212
320	7
321	65
322	43
323	1
324	29
325	70
326	12
327	8
328	13
329	6
330	1
331	4
332	55
333	2
334	75
335	46
336	31
337	1
338	16
339	98
340	30
341	60
342	2
343	4
344	3
345	9
346	125
347	8
348	56
349	16
350	50
351	11
352	9
353	6
354	0
355	1
356	59
357	2
358	12
359	7
360	0
361	0
362	11
363	20
364	14
365	8
366	14
367	5
368	17
369	1
370	45
371	138
372	48
373	20
374	3
375	1
376	37
377	28
378	17
379	21
380	0
381	2
382	1
383	45
384	1
385	0
386	3
387	11
388	1
389	10
390	13
391	34
392	5
393	1
394	19
395	42
396	24
397	1
398	7
399	6
400	12
401	1
402	50
403	69
404	5
405	41
406	55
407	274
408	1
409	2
410	6
411	1
412	21
413	1
414	3
415	69
416	2
417	113
418	1
419	3
420	0
421	10
422	16
423	7
424	6
425	118
426	41
427	28
428	22
429	26
430	5
431	21
432	202
433	12
434	6
435	18
436	1
437	1
438	1
439	75
440	22
441	1
442	0
443	1
444	2
445	4
446	1
447	44
448	1
449	9
450	1
451	1
452	0
453	1
454	9
455	4
456	5
457	732
458	4
459	0
460	3
461	4
462	4
463	6
464	0
465	98
466	0
467	12
468	1
469	10
470	0
471	0
472	1
473	1
474	0
475	0
476	1
477	23
478	0
479	8
480	1
481	1
482	0
483	0
484	0
485	0
486	1
487	0
488	26
489	5
490	1
491	0
492	1
493	3
494	3
495	6
496	0
497	2
498	2
499	14
500	0
501	10
502	4
503	0
504	1
505	0
506	32
507	1
508	0
509	1
510	0
511	3
512	0
513	4
514	20
515	10
516	1
517	20
518	0
519	1
520	1
521	5
522	1
523	1
524	21
525	7
526	0
527	1
528	1
529	1
530	7
531	1
532	1
533	0
534	4
535	0
536	5
537	0
538	10
539	2
540	1
541	3
542	7
543	1
544	2
545	67
546	142
547	1
548	1
549	65
550	1
551	1
552	2
553	22
554	9
555	3
556	121
557	1
558	1
559	42
560	46
561	4
562	1
563	1
564	30
565	8
566	15
567	27
568	1
569	1
570	4
571	1
572	5
573	1
574	5
575	17
576	1
577	1
578	1
579	85
580	30
581	12
582	34
583	26
584	19
585	3
586	23
587	53
588	22
589	18
590	39
591	2
592	27
593	1
594	1
595	2
596	1
597	2
598	1
599	1
600	275
601	16
602	1
603	0
604	21
605	1
606	18
607	12
608	107
609	22
610	1
611	25
612	1
613	18
614	10
615	35
616	17
617	11
618	13
619	9
620	14
621	1
622	12
623	0
624	16
625	3
626	81
627	15
628	18
629	0
630	0
631	17
632	1
633	114
634	150
635	66
636	40
637	51
638	1
639	31
640	4
641	2
642	3
643	83
644	77
645	24
646	17
647	62
648	2
649	40
650	112
651	2
652	2
653	2
654	1
655	1
656	54
657	18
658	26
659	58
660	0
661	2
662	2
663	194
664	39
665	103
666	2
667	53
668	19
669	1
670	11
671	0
672	1
673	46
674	29
675	26
676	1
677	37
678	1
679	3
680	0
681	23
682	28
683	1
684	17
685	0
686	105
687	12
688	5
689	47
690	3
691	43
692	3
693	1
694	5
695	118
696	38
697	149
698	11
699	8
700	20
701	4
702	0
703	1
704	129
705	44
706	118
707	139
708	51
709	1
710	135
711	1
712	19
713	4
714	22
715	51
716	1
717	15
718	1
719	32
720	1
721	1
722	311
723	25
724	4
725	24
726	2
727	32
728	5
729	1
730	77
731	1
732	4
733	55
734	1
735	1
736	4
737	446
738	8
739	60
740	0
741	38
742	112
743	15
744	11
745	2
746	28
747	0
748	18
749	97
750	25
751	1
752	1
753	1
754	2
755	1
756	64
757	0
758	2
759	77
760	22
761	80
762	309
763	120
764	65
765	100
766	773
767	1
768	2
769	176
770	3
771	35
772	3
773	1
774	1
775	2
776	1
777	0
778	25
779	14
780	2
781	8
782	9
783	1
784	244
785	1
786	2
787	12
788	113
789	378
790	0
791	51
792	2
793	10
794	44
795	74
796	6
797	14
798	46
799	1
800	2
801	6
802	23
803	36
804	6
805	119
806	15
807	1
808	4
809	0
810	63
811	3
812	3
813	302
814	3
815	2
816	29
817	67
818	2
819	1
820	33
821	1
822	26
823	24
824	2
825	246
826	268
827	32
828	0
829	36
830	3
831	12
832	3
833	0
834	0
835	1
836	48
837	17
838	62
839	10
840	65
841	61
842	30
843	1
844	73
845	1
846	0
847	1
848	8
849	29
850	4
851	2
852	40
853	50
854	99
855	2
856	155
857	115
858	0
859	58
860	8
861	37
862	3
863	37
864	20
865	97
866	17
867	1
868	22
869	11
870	38
871	99
872	29
873	31
874	1
875	17
876	1
877	2
878	35
879	122
880	1
881	21
882	22
883	3
884	0
885	25
886	3
887	56
888	1
889	1
890	1
891	1
892	1
893	53
894	0
895	54
896	107
897	20
898	10
899	24
900	5
901	0
902	2
903	6
904	163
905	2
906	18
907	39
908	64
909	12
910	2
911	27
912	9
913	33
914	7
915	7
916	4
917	1
918	40
919	1
920	10
921	6
922	191
923	1
924	1
925	0
926	6
927	1
928	40
929	10
930	24
931	2
932	28
933	18
934	12
935	65
936	24
937	114
938	36
939	0
940	1
941	136
942	12
943	48
944	5
945	25
946	163
947	69
948	60
949	8
950	9
951	1
952	0
953	0
954	34
955	25
956	64
957	3
958	42
959	84
960	81
961	16
962	3
963	41
964	4
965	1
966	32
967	67
968	38
969	2
970	11
971	110
972	36
973	2
974	120
975	38
976	1
977	24
978	147
979	22
980	1
981	37
982	75
983	6
984	7
985	37
986	77
987	2
988	292
989	45
990	1
991	21
992	1
993	353
994	72
995	18
996	297
997	0
998	30
999	39
1000	93
1001	1
1002	1
1003	18
1004	12
1005	5
1006	157
1007	31
1008	8
1009	44
1010	6
1011	6
1012	40
1013	23
1014	60
1015	0
1016	1
1017	1
1018	51
1019	1
1020	12
1021	1
1022	43
1023	37
1024	73
1025	1
1026	189
1027	6
1028	7
1029	141
1030	14
1031	83
1032	57
1033	6
1034	64
1035	75
1036	0
1037	86
1038	17
1039	30
1040	1
1041	49
1042	41
1043	47
1044	25
1045	1
1046	24
1047	1
1048	2
1049	74
1050	44
1051	46
1052	4
1053	64
1054	0
1055	217
1056	0
1057	0
1058	1
1059	2
1060	3
1061	31
1062	184
1063	29
1064	16
1065	7
1066	5
1067	2
1068	3
1069	0
1070	1
1071	1
1072	1
1073	0
1074	106
1075	101
1076	0
1077	8
1078	5
1079	2
1080	58
1081	1
1082	4
1083	2
1084	5
1085	4
1086	8
1087	2
1088	1
1089	8
1090	2
1091	0
1092	13
1093	2
1094	2
1095	10
1096	1
1097	126
1098	305
1099	8
1100	34
1101	1
1102	15
1103	61
1104	1
1105	3
1106	2
1107	1
1108	1
1109	1
1110	1
1111	110
1112	1
1113	6
1114	45
1115	1
1116	0
1117	0
1118	0
1119	0
1120	1
1121	0
1122	0
1123	65
1124	38
1125	61
1126	2
1127	89
1128	28
1129	62
1130	1
1131	34
1132	57
1133	399
1134	3
1135	115
1136	0
1137	150
1138	3
1139	2
1140	47
1141	14
1142	48
1143	14
1144	25
1145	2
1146	1
1147	3
1148	1
1149	0
1150	8
1151	517
1152	22
1153	0
1154	40
1155	1
1156	37
1157	84
1158	1
1159	53
1160	44
1161	1
1162	0
1163	0
1164	108
1165	58
1166	688
1167	212
1168	22
1169	29
1170	2
1171	1
1172	1
1173	1
1174	1
1175	1
1176	1
1177	1
1178	1
1179	10
1180	1
1181	1
1182	7
1183	9
1184	79
1185	89
1186	193
1187	3
1188	2
1189	1
1190	42
1191	42
1192	19
1193	123
1194	1
1195	5
1196	28
1197	3
1198	4
1199	63
1200	144
1201	119
1202	66
1203	58
1204	61
1205	1
1206	1
1207	26
1208	1
1209	1
1210	218
1211	248
1212	4
1213	1
1214	2
1215	65
1216	1
1217	0
1218	33
1219	1
1220	13
1221	87
1222	45
1223	1
1224	1
1225	1
1226	1
1227	1
1228	11
1229	1
1230	73
1231	1
1232	6
1233	14
1234	75
1235	20
1236	123
1237	6
1238	1
1239	66
1240	8
1241	60
1242	11
1243	41
1244	2
1245	10
1246	8
1247	123
1248	71
1249	0
1250	43
1251	0
1252	2
1253	106
1254	1
1255	1
1256	1
1257	1
1258	1
1259	63
1260	15
1261	76
1262	2
1263	0
1264	1
1265	0
1266	10
1267	138
1268	1
1269	1
1270	8
1271	2
1272	1
1273	1
1274	1
1275	1
1276	1
1277	25
1278	69
1279	171
1280	4
1281	10
1282	21
1283	0
1284	70
1285	73
1286	109
1287	6
1288	0
1289	0
1290	16
1291	85
1292	7
1293	33
1294	1
1295	1
1296	37
1297	352
1298	1
1299	5
1300	1
1301	3
1302	1
1303	1
1304	1
1305	356
1306	20
1307	87
1308	4
1309	1
1310	66
1311	2
1312	1
1313	1
1314	1
1315	58
1316	7
1317	1
1318	2
1319	233
1320	6
1321	26
1322	69
1323	11
1324	1
1325	1
1326	22
1327	1
1328	2
1329	3
1330	46
1331	6
1332	1
1333	2
1334	1
1335	62
1336	8
1337	1
1338	3
1339	5
1340	3
1341	2
1342	4
1343	2
1344	2
1345	1
1346	3
1347	0
1348	0
1349	2
1350	117
1351	1
1352	187
1353	70
1354	8
1355	3
1356	20
1357	186
1358	18
1359	3
1360	73
1361	1
1362	4
1363	0
1364	0
1365	7
1366	1
1367	40
1368	33
1369	1
1370	1
1371	0
1372	17
1373	4
1374	533
1375	33
1376	1
1377	67
1378	69
1379	1
1380	63
1381	52
1382	43
1383	4
1384	87
1385	157
1386	61
1387	1
1388	2
1389	28
1390	61
1391	1
1392	2
1393	55
1394	38
1395	199
1396	29
1397	1
1398	1
1399	1
1400	3
1401	3
1402	34
1403	70
1404	1
1405	1
1406	2
1407	46
1408	1
1409	1
1410	1
1411	39
1412	29
1413	70
1414	0
1415	0
1416	93
1417	0
1418	28
1419	89
1420	38
1421	2
1422	1
1423	8
1424	52
1425	46
1426	1
1427	2
1428	255
1429	3
1430	2
1431	1
1432	7
1433	1
1434	2
1435	10
1436	1
1437	47
1438	1
1439	40
1440	1
1441	62
1442	40
1443	3
1444	26
1445	1
1446	18
1447	7
1448	1
1449	1
1450	1
1451	3
1452	1
1453	116
1454	1
1455	1
1456	1
1457	5
1458	1
1459	1
1460	1
1461	1
1462	48
1463	26
1464	60
1465	26
1466	24
1467	11
1468	52
1469	7
1470	156
1471	109
1472	5
1473	178
1474	2
1475	0
1476	51
1477	0
1478	13
1479	0
1480	44
1481	1
1482	98
1483	52
1484	54
1485	19
1486	14
1487	148
1488	1
1489	100
1490	28
1491	0
1492	228
1493	28
1494	1
1495	10
1496	263
1497	76
1498	56
1499	12
1500	48
1501	61
1502	2
1503	3
1504	6
1505	4
1506	72
1507	14
1508	0
1509	1
1510	18
1511	1
1512	1
1513	28
1514	101
1515	1
1516	1
1517	1
1518	28
1519	1
1520	36
1521	147
1522	139
1523	1
1524	27
1525	81
1526	4
1527	1
1528	1
1529	2
1530	11
1531	19
1532	11
1533	9
1534	48
1535	2
1536	1
1537	86
1538	134
1539	5
1540	1
1541	1
1542	276
1543	1
1544	0
1545	1
1546	1
1547	65
1548	52
1549	740
1550	60
1551	1
1552	81
1553	20
1554	6
1555	116
1556	29
1557	12
1558	1
1559	1
1560	3
1561	1
1562	0
1563	24
1564	78
1565	37
1566	91
1567	0
1568	1
1569	34
1570	4
1571	85
1572	2
1573	57
1574	1
1575	1
1576	1
1577	0
1578	1
1579	1
1580	42
1581	3
1582	13
1583	104
1584	1
1585	190
1586	0
1587	30
1588	1
1589	13
1590	1
1591	1
1592	67
1593	52
1594	114
1595	24
1596	67
1597	33
1598	0
1599	3
1600	18
1601	4
1602	1
1603	67
1604	26
1605	10
1606	3
1607	2
1608	406
1609	1
1610	33
1611	1
1612	79
1613	39
1614	73
1615	162
1616	1
1617	1
1618	28
1619	21
1620	1
1621	126
1622	124
1623	39
1624	0
1625	2
1626	2
1627	1
1628	43
1629	18
1630	2
1631	6
1632	3
1633	195
1634	1
1635	1
1636	10
1637	48
1638	43
1639	36
1640	0
1641	41
1642	1
1643	1
1644	48
1645	2
1646	59
1647	19
1648	70
1649	24
1650	1
1651	1
1652	29
1653	45
1654	38
1655	1
1656	1
1657	8
1658	47
1659	1
1660	1
1661	117
1662	39
1663	1
1664	5
1665	1
1666	1
1667	55
1668	5
1669	22
1670	18
1671	1
1672	27
1673	0
1674	8
1675	2
1676	1
1677	2
1678	18
1679	81
1680	89
1681	2
1682	1
1683	2
1684	9
1685	1
1686	1
1687	16
1688	114
1689	17
1690	2
1691	50
1692	21
1693	6
1694	1
1695	1
1696	4
1697	114
1698	1
1699	1
1700	157
1701	157
1702	0
1703	1
1704	1
1705	98
1706	69
1707	57
1708	1
1709	6
1710	1
1711	9
1712	1
1713	1
1714	34
1715	1
1716	15
1717	204
1718	63
1719	10
1720	14
1721	1
1722	14
1723	77
1724	1
1725	1
1726	60
1727	0
1728	1
1729	87
1730	71
1731	1
1732	37
1733	79
1734	148
1735	1
1736	1
1737	9
1738	3
1739	1
1740	1
1741	9
1742	6
1743	1
1744	80
1745	1
1746	34
1747	27
1748	76
1749	89
1750	0
1751	35
1752	31
1753	1
1754	143
1755	1
1756	89
1757	50
1758	51
1759	5
1760	1
1761	2
1762	47
1763	1
1764	2
1765	4
1766	27
1767	97
1768	29
1769	130
1770	12
1771	6
1772	194
1773	1
1774	61
1775	1
1776	0
1777	58
1778	8
1779	0
1780	35
1781	55
1782	2
1783	103
1784	1
1785	1
1786	0
1787	55
1788	28
1789	11
1790	2
1791	29
1792	90
1793	18
1794	26
1795	44
1796	38
1797	1
1798	31
1799	123
1800	20
1801	0
1802	34
1803	19
1804	1
1805	43
1806	1
1807	8
1808	192
1809	2
1810	1
1811	87
1812	4
1813	41
1814	177
1815	0
1816	64
1817	0
1818	0
1819	8
1820	90
1821	7
1822	11
1823	79
1824	0
1825	1
1826	1
1827	2
1828	2
1829	2
1830	3
1831	3
1832	6
1833	15
1834	1
1835	132
1836	87
1837	50
1838	57
1839	1
1840	2
1841	1
1842	147
1843	0
1844	1
1845	1
1846	1
1847	121
1848	47
1849	49
1850	0
1851	0
1852	1
1853	1
1854	0
1855	114
1856	1
1857	33
1858	44
1859	64
1860	1
1861	25
1862	2
1863	1
1864	46
1865	23
1866	1
1867	2
1868	22
1869	3
1870	1
1871	1
1872	5
1873	1
1874	9
1875	33
1876	3
1877	0
1878	0
1879	13
1880	30
1881	1
1882	1
1883	1
1884	22
1885	44
1886	4
1887	2
1888	105
1889	1
1890	1
1891	36
1892	5
1893	93
1894	1
1895	1
1896	51
1897	1
1898	0
1899	6
1900	1
1901	30
1902	1
1903	45
1904	0
1905	1
1906	1
1907	1
1908	51
1909	1
1910	0
1911	1
1912	3
1913	1
1914	2
1915	67
1916	1
1917	1
1918	89
1919	224
1920	23
1921	1
1922	204
1923	2
1924	5
1925	22
1926	1
1927	45
1928	7
1929	1
1930	1
1931	15
1932	1
1933	1
1934	1
1935	44
1936	0
1937	13
1938	1
1939	1
1940	5
1941	1
1942	0
1943	3
1944	2
1945	2
1946	4
1947	15
1948	14
1949	0
1950	5
1951	29
1952	3
1953	39
1954	0
1955	7
1956	144
1957	0
1958	1
1959	1
1960	1
1961	23
1962	31
1963	38
1964	67
1965	42
1966	105
1967	31
1968	2
1969	51
1970	1
1971	1
1972	224
1973	49
1974	0
1975	1
1976	6
1977	73
1978	1
1979	32
1980	47
1981	2
1982	161
1983	17
1984	47
1985	71
1986	17
1987	36
1988	1
1989	1
1990	119
1991	89
1992	93
1993	3
1994	1
1995	3
1996	1
1997	128
1998	0
1999	0
2000	1
2001	99
2002	1
2003	63
2004	32
2005	1
2006	0
2007	12
2008	1
2009	63
2010	27
2011	3
2012	3
2013	1
2014	57
2015	1
2016	72
2017	1
2018	2
2019	1
2020	1
2021	1
2022	0
2023	1
2024	1
2025	1
2026	1
2027	1
2028	1
2029	2
2030	1
2031	1
2032	1
2033	22
2034	1
2035	1
2036	2
2037	8
2038	5
2039	0
2040	1
2041	6
2042	2
2043	0
2044	2
2045	1
2046	0
2047	1
2048	0
2049	3
2050	4
2051	1
2052	14
2053	40
2054	3
2055	14
2056	1
2057	1
2058	1
2059	4
2060	21
2061	4
2062	173
2063	21
2064	2
2065	50
2066	254
2067	3
2068	4
2069	30
2070	1
2071	66
2072	138
2073	49
2074	0
2075	0
2076	30
2077	1
2078	0
2079	30
2080	0
2081	1
2082	1
2083	7
2084	10
2085	55
2086	1
2087	1
2088	6
2089	1
2090	1
2091	46
2092	10
2093	55
2094	1
2095	43
2096	2
2097	40
2098	0
2099	22
2100	1
2101	18
2102	97
2103	2
2104	2
2105	11
2106	45
2107	0
2108	4
2109	69
2110	3
2111	4
2112	8
2113	7
2114	115
2115	16
2116	60
2117	126
2118	113
2119	27
2120	205
2121	12
2122	0
2123	0
2124	0
2125	3
2126	1
2127	3
2128	66
2129	67
2130	8
2131	1
2132	1
2133	130
2134	92
2135	214
2136	1
2137	26
2138	1
2139	3
2140	0
2141	2
2142	2
2143	1
2144	129
2145	264
2146	1
2147	1
2148	1
2149	2
2150	1
2151	66
2152	4
2153	4
2154	0
2155	1
2156	41
2157	56
2158	0
2159	18
2160	116
2161	3
2162	0
2163	12
2164	1
2165	32
2166	0
2167	1
2168	25
2169	32
2170	2
2171	16
2172	29
2173	1
2174	141
2175	1
2176	17
2177	3
2178	26
2179	1
2180	1
2181	30
2182	29
2183	1
2184	3
2185	10
2186	61
2187	1
2188	3
2189	1
2190	1
2191	1
2192	5
2193	67
2194	3
2195	20
2196	3
2197	4
2198	3
2199	1
2200	2
2201	1
2202	18
2203	1
2204	1
2205	20
2206	31
2207	0
2208	0
2209	100
2210	146
2211	34
2212	1
2213	1
2214	3
2215	15
2216	1
2217	11
2218	1
2219	1
2220	0
2221	1
2222	1
2223	41
2224	3
2225	136
2226	28
2227	4
2228	1
2229	147
2230	49
2231	126
2232	12
2233	40
2234	27
2235	1
2236	75
2237	387
2238	1
2239	1
2240	202
2241	53
2242	14
2243	1
2244	3
2245	0
2246	46
2247	7
2248	0
2249	38
2250	3
2251	109
2252	103
2253	22
2254	6
2255	31
2256	332
2257	118
2258	139
2259	1
2260	1
2261	1
2262	1
2263	0
2264	119
2265	1
2266	1
2267	1
2268	1
2269	2
2270	1
2271	0
2272	31
2273	47
2274	48
2275	0
2276	119
2277	26
2278	4
2279	0
2280	1
2281	15
2282	5
2283	1
2284	0
2285	96
2286	6
2287	4
2288	1
2289	73
2290	181
2291	1
2292	1
2293	2
2294	35
2295	2
2296	2
2297	249
2298	48
2299	67
2300	1
2301	1
2302	1
2303	0
2304	1
2305	1
2306	4
2307	40
2308	1
2309	3
2310	1
2311	1
2312	1
2313	1
2314	3
2315	1
2316	3
2317	2
2318	2
2319	3
2320	2
2321	3
2322	97
2323	227
2324	89
2325	67
2326	288
2327	0
2328	425
2329	38
2330	2
2331	2
2332	60
2333	32
2334	1
2335	1
2336	1
2337	1
2338	61
2339	34
2340	27
2341	43
2342	10
2343	7
2344	1
2345	34
2346	4
2347	0
2348	25
2349	2
2350	22
2351	1
2352	2
2353	1
2354	119
2355	1
2356	112
2357	12
2358	0
2359	2
2360	3
2361	1
2362	7
2363	4
2364	93
2365	78
2366	20
2367	8
2368	17
2369	233
2370	2
2371	193
2372	7
2373	2
2374	1
2375	108
2376	29
2377	0
2378	11
2379	45
2380	1
2381	162
2382	1
2383	0
2384	115
2385	45
2386	17
2387	66
2388	1
2389	1
2390	2
2391	1
2392	1
2393	4
2394	1
2395	1
2396	1
2397	69
2398	384
2399	2
2400	61
2401	1
2402	2
2403	2
2404	1
2405	1
2406	2
2407	4
2408	0
2409	16
2410	83
2411	260
2412	3
2413	2
2414	6
2415	4
2416	87
2417	7
2418	1
2419	1
2420	2
2421	0
2422	2
2423	3
2424	1
2425	9
2426	22
2427	11
2428	1
2429	2
2430	0
2431	0
2432	0
2433	81
2434	2
2435	63
2436	0
2437	2
2438	1
2439	1
2440	117
2441	1
2442	1
2443	1
2444	6
2445	1
2446	1
2447	1
2448	1
2449	1
2450	1
2451	2
2452	42
2453	1
2454	1
2455	1
2456	108
2457	1
2458	6
2459	1
2460	1
2461	1
2462	4
2463	1
2464	1
2465	1
2466	1
2467	4
2468	0
2469	3
2470	149
2471	1
2472	75
2473	103
2474	207
2475	38
2476	35
2477	1
2478	6
2479	26
2480	7
2481	8
2482	3
2483	0
2484	14
2485	435
2486	0
2487	1
2488	21
2489	1
2490	54
2491	1
2492	1
2493	6
2494	1
2495	1
2496	2
2497	38
2498	1
2499	31
2500	3
2501	26
2502	30
2503	2
2504	190
2505	1
2506	109
2507	97
2508	126
2509	11
2510	140
2511	54
2512	1
2513	1
2514	1
2515	1
2516	205
2517	86
2518	4
2519	1
2520	1
2521	1
2522	1
2523	5
2524	7
2525	0
2526	1
2527	2
2528	1
2529	1
2530	1
2531	2
2532	0
2533	0
2534	1
2535	265
2536	1
2537	1
2538	1
2539	0
2540	1
2541	37
2542	172
2543	1
2544	64
2545	7
2546	34
2547	147
2548	12
2549	70
2550	74
2551	2
2552	16
2553	0
2554	0
2555	12
2556	1
2557	77
2558	2
2559	82
2560	231
2561	2
2562	2
2563	2
2564	50
2565	1065
2566	32
2567	5
2568	4
2569	5
2570	40
2571	17
2572	7
2573	1
2574	2
2575	21
2576	314
2577	2
2578	12
2579	59
2580	35
2581	1
2582	1
2583	2
2584	1
2585	159
2586	2
2587	62
2588	0
2589	23
2590	0
2591	14
2592	70
2593	146
2594	160
2595	107
2596	13
2597	50
2598	7
2599	46
2600	0
2601	0
2602	0
2603	1
2604	28
2605	107
2606	1
2607	14
2608	14
2609	7
2610	1
2611	7
2612	76
2613	25
2614	5
2615	2
2616	1
2617	64
2618	84
2619	146
2620	96
2621	8
2622	0
2623	160
2624	1
2625	331
2626	3
2627	1
2628	1
2629	14
2630	2
2631	1
2632	1
2633	1
2634	1
2635	1
2636	1
2637	1
2638	14
2639	1
2640	1
2641	1
2642	1
2643	100
2644	1
2645	11
2646	105
2647	28
2648	1
2649	1
2650	14
2651	399
2652	17
2653	239
2654	291
2655	109
2656	1
2657	197
2658	365
2659	12
2660	266
2661	1
2662	58
2663	2
2664	1
2665	58
2666	0
2667	197
2668	1
2669	42
2670	13
2671	1
2672	16
2673	1
2674	154
2675	1
2676	7
2677	40
2678	1
2679	1
2680	6
2681	0
2682	1
2683	13
2684	1
2685	71
2686	205
2687	50
2688	618
2689	83
2690	26
2691	44
2692	19
2693	229
2694	18
2695	7
2696	126
2697	118
2698	15
2699	74
2700	216
2701	19
2702	80
2703	61
2704	75
2705	1
2706	18
2707	164
2708	67
2709	1
2710	0
2711	13
2712	0
2713	244
2714	0
2715	2
2716	1
2717	1
2718	1
2719	21
2720	25
2721	36
2722	1
2723	1
2724	52
2725	1
2726	0
2727	115
2728	3
2729	1
2730	2
2731	1
2732	0
2733	3
2734	1
2735	0
2736	16
2737	16
2738	3
2739	1
2740	28
2741	1
2742	0
2743	0
2744	39
2745	0
2746	116
2747	138
2748	1
2749	1
2750	0
2751	12
2752	7
2753	1
2754	72
2755	1
2756	0
2757	5
2758	2
2759	1
2760	74
2761	1
2762	3
2763	62
2764	50
2765	66
2766	1
2767	1
2768	66
2769	1
2770	26
2771	1
2772	1
2773	1
2774	146
2775	179
2776	1
2777	40
2778	22
2779	1
2780	3
2781	22
2782	1
2783	1
2784	1
2785	96
2786	1
2787	63
2788	4
2789	3
2790	281
2791	15
2792	18
2793	6
2794	80
2795	0
2796	8
2797	20
2798	1
2799	49
2800	0
2801	51
2802	9
2803	1
2804	16
2805	56
2806	0
2807	5
2808	2
2809	53
2810	0
2811	76
2812	0
2813	1
2814	48
2815	52
2816	0
2817	2
2818	12
2819	79
2820	0
2821	13
2822	123
2823	1
2824	1
2825	21
2826	1
2827	1
2828	58
2829	0
2830	77
2831	112
2832	50
2833	7
2834	61
2835	1
2836	0
2837	0
2838	50
2839	5
2840	14
2841	1
2842	124
2843	11
2844	11
2845	3
2846	1
2847	1
2848	1
2849	1
2850	1
2851	132
2852	2
2853	1
2854	0
2855	16
2856	75
2857	1
2858	3
2859	222
2860	5
2861	1
2862	4
2863	5
2864	1
2865	2
2866	6
2867	3
2868	1
2869	1
2870	1
2871	410
2872	87
2873	0
2874	0
2875	6
2876	1
2877	82
2878	0
2879	1
2880	48
2881	1
2882	1
2883	28
2884	1
2885	5
2886	3
2887	1
2888	1
2889	14
2890	1
2891	1
2892	1
2893	1
2894	1
2895	1
2896	1
2897	0
2898	2
2899	1
2900	140
2901	4
2902	27
2903	8
2904	18
2905	4
2906	6
2907	6
2908	12
2909	110
2910	5
2911	0
2912	83
2913	11
2914	24
2915	0
2916	1
2917	32
2918	44
2919	2
2920	0
2921	1
2922	47
2923	109
2924	2
2925	54
2926	24
2927	0
2928	16
2929	1
2930	1
2931	2
2932	109
2933	6
2934	0
2935	36
2936	8
2937	0
2938	1
2939	7
2940	179
2941	11
2942	0
2943	0
2944	1
2945	1
2946	30
2947	10
2948	26
2949	1
2950	13
2951	66
2952	1
2953	10
2954	1
2955	65
2956	2
2957	1
2958	163
2959	0
2960	1
2961	1
2962	1
2963	73
2964	70
2965	2
2966	38
2967	238
2968	104
2969	3
2970	1
2971	1
2972	395
2973	72
2974	38
2975	2
2976	7
2977	31
2978	6
2979	24
2980	1
2981	105
2982	1
2983	28
2984	0
2985	4
2986	3
2987	9
2988	55
2989	10
2990	5
2991	30
2992	1
2993	35
2994	3
2995	10
2996	25
2997	0
2998	3
2999	61
3000	68
3001	7
3002	77
3003	1
3004	3
3005	147
3006	31
3007	95
3008	1
3009	100
3010	157
3011	1
3012	1
3013	1
3014	97
3015	87
3016	2
3017	3
3018	79
3019	1
3020	105
3021	60
3022	1
3023	3
3024	145
3025	4
3026	257
3027	125
3028	256
3029	62
3030	74
3031	50
3032	216
3033	111
3034	160
3035	13
3036	8
3037	7
3038	1
3039	14
3040	7
3041	14
3042	1
3043	1
3044	6
3045	0
3046	10
3047	12
3048	1
3049	6
3050	33
3051	1
3052	1
3053	9
3054	1
3055	52
3056	80
3057	48
3058	0
3059	103
3060	4
3061	2
3062	42
3063	3
3064	0
3065	0
3066	1
3067	0
3068	21
3069	0
3070	2
3071	1
3072	25
3073	70
3074	1
3075	2
3076	1
3077	4
3078	1
3079	0
3080	9
3081	20
3082	8
3083	2
3084	202
3085	1
3086	8
3087	8
3088	37
3089	247
3090	12
3091	1
3092	134
3093	1
3094	5
3095	37
3096	3
3097	1
3098	37
3099	49
3100	0
3101	2
3102	1
3103	72
3104	22
3105	1
3106	61
3107	10
3108	8
3109	12
3110	21
3111	1
3112	1
3113	1
3114	45
3115	5
3116	0
3117	186
3118	2
3119	3
3120	8
3121	0
3122	0
3123	3
3124	2
3125	87
3126	28
3127	15
3128	1
3129	2
3130	66
3131	1
3132	3
3133	1
3134	1
3135	1
3136	83
3137	4
3138	3
3139	0
3140	91
3141	0
3142	49
3143	1
3144	152
3145	45
3146	1
3147	6
3148	86
3149	1
3150	59
3151	1
3152	1
3153	1
3154	1
3155	15
3156	1
3157	0
3158	1
3159	9
3160	2
3161	0
3162	3
3163	1
3164	56
3165	1
3166	1
3167	1
3168	79
3169	1
3170	0
3171	9
3172	13
3173	66
3174	1
3175	41
3176	6
3177	0
3178	0
3179	0
3180	77
3181	3
3182	1
3183	2
3184	1
3185	2
3186	1
3187	1
3188	20
3189	10
3190	10
3191	114
3192	188
3193	13
3194	1
3195	1
3196	22
3197	4
3198	1
3199	13
3200	41
3201	4
3202	8
3203	1
3204	1
3205	1
3206	1
3207	1
3208	6
3209	41
3210	3
3211	2
3212	1
3213	1
3214	1
3215	1
3216	2
3217	1
3218	1
3219	1
3220	1
3221	1
3222	1
3223	1
3224	1
3225	13
3226	1
3227	19
3228	1
3229	1
3230	1
3231	1
3232	1
3233	3
3234	1
3235	24
3236	0
3237	3
3238	167
3239	3
3240	1
3241	1
3242	6
3243	39
3244	1
3245	1
3246	2
3247	2
3248	1
3249	3
3250	3
3251	62
3252	37
3253	110
3254	0
3255	11
3256	24
3257	1
3258	159
3259	2
3260	105
3261	1
3262	9
3263	1
3264	1
3265	92
3266	4
3267	1
3268	2
3269	3
3270	2
3271	10
3272	2
3273	1
3274	121
3275	14
3276	203
3277	1
3278	2
3279	2
3280	3
3281	1
3282	5
3283	0
3284	75
3285	10
3286	0
3287	0
3288	1
3289	0
3290	36
3291	186
3292	8
3293	56
3294	1
3295	0
3296	2
3297	85
3298	1
3299	1
3300	5
3301	27
3302	1
3303	1
3304	31
3305	5
3306	7
3307	81
3308	0
3309	59
3310	56
3311	1
3312	1
3313	21
3314	1
3315	13
3316	3
3317	15
3318	1
3319	18
3320	42
3321	102
3322	1
3323	2
3324	28
3325	6
3326	18
3327	0
3328	0
3329	0
3330	0
3331	1
3332	1
3333	15
3334	228
3335	1
3336	0
3337	0
3338	58
3339	1
3340	4
3341	1
3342	1
3343	13
3344	1
3345	35
3346	70
3347	0
3348	57
3349	9
3350	55
3351	64
3352	477
3353	1
3354	5
3355	3
3356	1
3357	2
3358	1
3359	1
3360	1
3361	2
3362	1
3363	1
3364	0
3365	0
3366	63
3367	3
3368	1
3369	1
3370	1
3371	64
3372	0
3373	12
3374	4
3375	43
3376	33
3377	4
3378	41
3379	19
3380	42
3381	210
3382	1
3383	2
3384	3
3385	1
3386	12
3387	0
3388	15
3389	2
3390	60
3391	4
3392	33
3393	75
3394	211
3395	1
3396	2
3397	3
3398	1
3399	3
3400	1
3401	1
3402	122
3403	3
3404	159
3405	1
3406	4
3407	1
3408	112
3409	10
3410	15
3411	1
3412	1
3413	0
3414	0
3415	0
3416	1
3417	98
3418	1
3419	0
3420	0
3421	0
3422	3
3423	1
3424	1
3425	2
3426	1
3427	1
3428	0
3429	7
3430	0
3431	0
3432	0
3433	55
3434	1
3435	47
3436	1
3437	1
3438	1
3439	175
3440	1
3441	2
3442	0
3443	156
3444	2
3445	21
3446	17
3447	328
3448	3
3449	314
3450	27
3451	98
3452	191
3453	368
3454	221
3455	116
3456	414
3457	166
3458	107
3459	266
3460	100
3461	111
3462	54
3463	79
3464	40
3465	8
3466	17
3467	1
3468	3
3469	23
3470	21
3471	2
3472	15
3473	87
3474	0
3475	1
3476	0
3477	53
3478	42
3479	154
3480	104
3481	17
3482	24
3483	60
3484	0
3485	0
3486	14
3487	1
3488	16
3489	71
3490	2
3491	2
3492	3
3493	1
3494	1
3495	3
3496	10
3497	1
3498	181
3499	3
3500	1
3501	0
3502	0
3503	0
3504	1
3505	0
3506	31
3507	0
3508	11
3509	1
3510	1
3511	1
3512	9
3513	4
3514	1
3515	3
3516	110
3517	0
3518	6
3519	48
3520	39
3521	29
3522	71
3523	28
3524	1
3525	16
3526	6
3527	64
3528	13
3529	72
3530	3
3531	1
3532	5
3533	0
3534	0
3535	5
3536	6
3537	193
3538	23
3539	2
3540	4
3541	124
3542	5
3543	3
3544	7
3545	2
3546	0
3547	15
3548	35
3549	11
3550	1
3551	1
3552	1
3553	8
3554	44
3555	27
3556	20
3557	84
3558	1
3559	0
3560	16
3561	4
3562	162
3563	3
3564	2
3565	1
3566	1
3567	38
3568	250
3569	42
3570	0
3571	45
3572	0
3573	0
3574	0
3575	0
3576	24
3577	1
3578	2
3579	2
3580	81
3581	1
3582	1
3583	4
3584	1
3585	2
3586	230
3587	97
3588	0
3589	5
3590	1
3591	14
3592	1
3593	26
3594	2
3595	2
3596	1
3597	13
3598	4
3599	1
3600	12
3601	52
3602	1
3603	12
3604	2
3605	1
3606	1
3607	88
3608	0
3609	18
3610	4
3611	22
3612	0
3613	1
3614	248
3615	223
3616	11
3617	1
3618	1
3619	1
3620	1
3621	1
3622	22
3623	4
3624	64
3625	4
3626	0
3627	0
3628	1
3629	24
3630	32
3631	182
3632	1
3633	48
3634	181
3635	131
3636	11
3637	4
3638	1
3639	12
3640	1
3641	212
3642	362
3643	150
3644	0
3645	124
3646	47
3647	13
3648	9
3649	1
3650	108
3651	1
3652	1
3653	2
3654	1
3655	9
3656	3
3657	1
3658	39
3659	38
3660	129
3661	86
3662	10
3663	1
3664	46
3665	20
3666	144
3667	6
3668	1
3669	4
3670	34
3671	6
3672	0
3673	5
3674	2
3675	1
3676	1
3677	2
3678	17
3679	2
3680	82
3681	42
3682	75
3683	6
3684	1
3685	2
3686	3
3687	1
3688	4
3689	2
3690	1
3691	141
3692	8
3693	1
3694	1
3695	1
3696	1
3697	1
3698	1
3699	0
3700	2
3701	2
3702	1
3703	1
3704	1
3705	3
3706	1
3707	1
3708	1
3709	7
3710	0
3711	1
3712	1
3713	8
3714	15
3715	1
3716	0
3717	39
3718	1
3719	14
3720	65
3721	0
3722	2
3723	7
3724	136
3725	4
3726	50
3727	1
3728	85
3729	11
3730	1
3731	15
3732	0
3733	1
3734	0
3735	3
3736	0
3737	7
3738	0
3739	0
3740	0
3741	0
3742	3
3743	10
3744	2
3745	13
3746	1
3747	4
3748	96
3749	4
3750	2
3751	11
3752	68
3753	1
3754	6
3755	121
3756	0
3757	1
3758	1
3759	1
3760	1
3761	2
3762	8
3763	3
3764	10
3765	1
3766	9
3767	16
3768	0
3769	40
3770	34
3771	3
3772	27
3773	0
3774	1
3775	12
3776	17
3777	11
3778	0
3779	2
3780	3
3781	1
3782	3
3783	1
3784	1
3785	34
3786	99
3787	269
3788	2
3789	0
3790	0
3791	1
3792	88
3793	0
3794	46
3795	1
3796	226
3797	3
3798	23
3799	6
3800	67
3801	1
3802	8
3803	88
3804	42
3805	1
3806	81
3807	64
3808	11
3809	24
3810	1
3811	12
3812	144
3813	153
3814	47
3815	20
3816	18
3817	1
3818	0
3819	10
3820	0
3821	2
3822	15
3823	2
3824	1
3825	2
3826	0
3827	2
3828	0
3829	1
3830	76
3831	0
3832	2
3833	3
3834	1
3835	83
3836	1
3837	1
3838	0
3839	5
3840	1
3841	1
3842	50
3843	117
3844	1
3845	8
3846	0
3847	51
3848	1
3849	13
3850	2
3851	2
3852	0
3853	0
3854	130
3855	6
3856	13
3857	0
3858	1
3859	0
3860	0
3861	0
3862	2
3863	5
3864	1
3865	2
3866	0
3867	9
3868	0
3869	5
3870	2
3871	58
3872	15
3873	79
3874	0
3875	7
3876	3
3877	13
3878	1
3879	0
3880	3
3881	2
3882	1
3883	1
3884	0
3885	53
3886	1
3887	51
3888	8
3889	2
3890	3
3891	1
3892	94
3893	9
3894	1
3895	1
3896	1
3897	194
3898	71
3899	0
3900	3
3901	1
3902	43
3903	72
3904	1
3905	2
3906	1
3907	1
3908	2
3909	1
3910	116
3911	9
3912	28
3913	0
3914	13
3915	0
3916	42
3917	29
3918	4
3919	57
3920	6
3921	7
3922	36
3923	1
3924	5
3925	7
3926	64
3927	1
3928	2
3929	2
3930	5
3931	1
3932	4
3933	15
3934	0
3935	1
3936	1
3937	52
3938	0
3939	6
3940	0
3941	1
3942	12
3943	1
3944	1
3945	2
3946	61
3947	3
3948	26
3949	35
3950	0
3951	0
3952	1
3953	1
3954	2
3955	3
3956	130
3957	1
3958	111
3959	2
3960	23
3961	16
3962	103
3963	1
3964	1
3965	89
3966	1
3967	45
3968	1
3969	126
3970	71
3971	18
3972	0
3973	50
3974	6
3975	0
3976	275
3977	14
3978	2
3979	3
3980	15
3981	1
3982	20
3983	4
3984	2
3985	32
3986	1
3987	1
3988	0
3989	2
3990	1
3991	7
3992	2
3993	0
3994	0
3995	57
3996	0
3997	1
3998	2
3999	7
4000	4
4001	28
4002	0
4003	0
4004	0
4005	1
4006	2
4007	15
4008	7
4009	10
4010	1
4011	103
4012	9
4013	78
4014	4
4015	2
4016	2
4017	0
4018	0
4019	2
4020	6
4021	78
4022	0
4023	3
4024	40
4025	1
4026	2
4027	6
4028	1
4029	0
4030	10
4031	17
4032	0
4033	0
4034	4
4035	1
4036	147
4037	467
4038	1
4039	9
4040	169
4041	144
4042	21
4043	60
4044	142
4045	257
4046	89
4047	10
4048	1
4049	11
4050	1
4051	33
4052	0
4053	2
4054	0
4055	80
4056	23
4057	1
4058	16
4059	4
4060	0
4061	1
4062	4
4063	27
4064	1
4065	180
4066	5
4067	1
4068	12
4069	1
4070	111
4071	87
4072	72
4073	115
4074	33
4075	1
4076	86
4077	77
4078	10
4079	4
4080	1
4081	0
4082	15
4083	1
4084	0
4085	1
4086	2
4087	0
4088	24
4089	3
4090	1
4091	1
4092	1
4093	1
4094	0
4095	2
4096	1
4097	1
4098	63
4099	287
4100	1
4101	0
4102	0
4103	57
4104	3
4105	1
4106	1
4107	1
4108	1
4109	1
4110	106
4111	25
4112	0
4113	0
4114	0
4115	0
4116	12
4117	16
4118	0
4119	6
4120	3
4121	2
4122	1
4123	25
4124	162
4125	2
4126	2
4127	66
4128	9
4129	2
4130	2
4131	1
4132	1
4133	2
4134	39
4135	2
4136	26
4137	7
4138	119
4139	1
4140	12
4141	5
4142	37
4143	1
4144	76
4145	2
4146	1
4147	2
4148	6
4149	2
4150	16
4151	84
4152	43
4153	1
4154	1
4155	5
4156	0
4157	0
4158	0
4159	2
4160	0
4161	0
4162	89
4163	2
4164	3
4165	1
4166	1
4167	1
4168	1
4169	9
4170	1
4171	6
4172	0
4173	28
4174	1
4175	61
4176	1
4177	1
4178	3
4179	100
4180	1
4181	28
4182	0
4183	10
4184	1
4185	1
4186	6
4187	9
4188	5
4189	46
4190	2
4191	274
4192	7
4193	0
4194	2
4195	1
4196	0
4197	7
4198	1
4199	35
4200	5
4201	87
4202	1
4203	1
4204	2
4205	5
4206	1
4207	1
4208	2
4209	1
4210	1
4211	75
4212	103
4213	3
4214	9
4215	2
4216	15
4217	1
4218	22
4219	138
4220	15
4221	42
4222	41
4223	7
4224	17
4225	1
4226	0
4227	0
4228	3
4229	4
4230	0
4231	18
4232	3
4233	59
4234	43
4235	8
4236	1
4237	2
4238	1
4239	0
4240	1
4241	1
4242	1
4243	1
4244	1
4245	2
4246	1
4247	126
4248	1
4249	1
4250	2
4251	1
4252	5
4253	0
4254	10
4255	9
4256	100
4257	2
4258	0
4259	1
4260	1
4261	112
4262	0
4263	66
4264	1
4265	3
4266	89
4267	1
4268	0
4269	70
4270	0
4271	0
4272	5
4273	23
4274	1
4275	5
4276	91
4277	1
4278	1
4279	1
4280	1
4281	0
4282	6
4283	1
4284	1
4285	2
4286	0
4287	0
4288	0
4289	58
4290	68
4291	4
4292	4
4293	0
4294	0
4295	17
4296	1
4297	133
4298	49
4299	66
4300	0
4301	0
4302	0
4303	3
4304	1
4305	1
4306	1
4307	3
4308	7
4309	0
4310	372
4311	7
4312	5
4313	5
4314	4
4315	83
4316	8
4317	3
4318	3
4319	4
4320	2
4321	1
4322	1
4323	48
4324	8
4325	3
4326	7
4327	2
4328	1
4329	12
4330	0
4331	20
4332	6
4333	2
4334	1
4335	251
4336	1
4337	1
4338	125
4339	0
4340	1
4341	39
4342	10
4343	7
4344	3
4345	2
4346	1
4347	55
4348	1
4349	52
4350	0
4351	20
4352	1
4353	80
4354	6
4355	61
4356	0
4357	1
4358	1
4359	7
4360	1
4361	94
4362	1
4363	22
4364	39
4365	60
4366	2
4367	0
4368	1
4369	2
4370	1
4371	6
4372	1
4373	55
4374	0
4375	3
4376	0
4377	11
4378	1
4379	5
4380	1
4381	1
4382	1
4383	4
4384	82
4385	20
4386	14
4387	0
4388	0
4389	1
4390	0
4391	0
4392	0
4393	1
4394	1
4395	3
4396	1
4397	1
4398	9
4399	1
4400	118
4401	70
4402	49
4403	9
4404	1
4405	1
4406	1
4407	1
4408	1
4409	7
4410	0
4411	8
4412	30
4413	1
4414	1
4415	17
4416	11
4417	41
4418	1
4419	0
4420	0
4421	0
4422	57
4423	1
4424	73
4425	2
4426	5
4427	1
4428	12
4429	12
4430	6
4431	4
4432	53
4433	24
4434	2
4435	41
4436	2
4437	70
4438	6
4439	1
4440	6
4441	221
4442	18
4443	7
4444	1
4445	1
4446	2
4447	14
4448	128
4449	1
4450	1
4451	9
4452	1
4453	57
4454	1
4455	22
4456	4
4457	1
4458	2
4459	4
4460	2
4461	2
4462	1
4463	81
4464	1
4465	4
4466	24
4467	1
4468	47
4469	1
4470	1
4471	12
4472	0
4473	1
4474	2
4475	1
4476	16
4477	2
4478	1
4479	1
4480	40
4481	2
4482	45
4483	212
4484	0
4485	73
4486	20
4487	31
4488	86
4489	15
4490	1
4491	1
4492	2
4493	1
4494	1
4495	1
4496	3
4497	1
4498	1
4499	0
4500	36
4501	0
4502	2
4503	1
4504	2
4505	0
4506	0
4507	47
4508	1
4509	11
4510	76
4511	15
4512	0
4513	0
4514	0
4515	0
4516	1
4517	0
4518	0
4519	0
4520	0
4521	1
4522	0
4523	1
4524	9
4525	0
4526	5
4527	51
4528	57
4529	33
4530	90
4531	79
4532	8
4533	3
4534	69
4535	5
4536	245
4537	0
4538	1
4539	1
4540	1
4541	1
4542	9
4543	2
4544	2
4545	1
4546	0
4547	109
4548	0
4549	0
4550	103
4551	51
4552	12
4553	3
4554	1
4555	1
4556	1
4557	45
4558	14
4559	0
4560	3
4561	3
4562	14
4563	11
4564	33
4565	2
4566	3
4567	2
4568	1
4569	1
4570	0
4571	0
4572	0
4573	0
4574	112
4575	2
4576	10
4577	2
4578	97
4579	0
4580	1
4581	3
4582	5
4583	10
4584	10
4585	0
4586	9
4587	116
4588	47
4589	0
4590	0
4591	2
4592	6
4593	1
4594	1
4595	3
4596	1
4597	1
4598	71
4599	1
4600	122
4601	1
4602	2
4603	1
4604	48
4605	12
4606	0
4607	1
4608	1
4609	2
4610	0
4611	1
4612	1
4613	52
4614	0
4615	1
4616	7
4617	1
4618	4
4619	1
4620	12
4621	8
4622	1
4623	2
4624	2
4625	15
4626	5
4627	1
4628	0
4629	1
4630	4
4631	27
4632	271
4633	12
4634	0
4635	1
4636	1
4637	0
4638	1
4639	6
4640	2
4641	1
4642	0
4643	0
4644	1
4645	27
4646	28
4647	11
4648	14
4649	1
4650	7
4651	2
4652	8
4653	205
4654	17
4655	2
4656	0
4657	0
4658	2
4659	3
4660	1
4661	93
4662	91
4663	10
4664	6
4665	9
4666	169
4667	1
4668	1
4669	13
4670	1
4671	7
4672	2
4673	96
4674	3
4675	1
4676	0
4677	14
4678	13
4679	0
4680	0
4681	20
4682	14
4683	1
4684	3
4685	0
4686	57
4687	121
4688	59
4689	35
4690	0
4691	0
4692	1
4693	2
4694	1
4695	1
4696	1
4697	1
4698	1
4699	1
4700	1
4701	1
4702	1
4703	1
4704	1
4705	3
4706	60
4707	1
4708	1
4709	91
4710	8
4711	1
4712	298
4713	58
4714	3
4715	67
4716	1
4717	126
4718	46
4719	63
4720	1
4721	2
4722	0
4723	1
4724	0
4725	36
4726	15
4727	1
4728	14
4729	0
4730	0
4731	0
4732	0
4733	4
4734	0
4735	195
4736	1
4737	3
4738	1
4739	11
4740	1
4741	3
4742	2
4743	2
4744	2
4745	2
4746	18
4747	0
4748	87
4749	3
4750	3
4751	4
4752	1
4753	1
4754	1
4755	1
4756	34
4757	6
4758	0
4759	1
4760	7
4761	1
4762	1
4763	1
4764	85
4765	4
4766	1
4767	14
4768	0
4769	0
4770	0
4771	3
4772	0
4773	1
4774	13
4775	0
4776	23
4777	46
4778	16
4779	5
4780	31
4781	84
4782	2
4783	5
4784	0
4785	1
4786	23
4787	1
4788	20
4789	2
4790	1
4791	51
4792	118
4793	2
4794	1
4795	154
4796	64
4797	69
4798	55
4799	2
4800	1
4801	1
4802	0
4803	1
4804	1
4805	2
4806	1
4807	1
4808	48
4809	5
4810	1
4811	78
4812	0
4813	46
4814	64
4815	11
4816	1
4817	1
4818	28
4819	1
4820	56
4821	2
4822	9
4823	1
4824	144
4825	2
4826	1
4827	73
4828	298
4829	78
4830	1
4831	16
4832	7
4833	6
4834	1
4835	1
4836	1
4837	2
4838	2
4839	1
4840	4
4841	1
4842	2
4843	24
4844	2
4845	1
4846	98
4847	1
4848	1
4849	2
4850	3
4851	3
4852	3
4853	5
4854	2
4855	2
4856	3
4857	1
4858	1
4859	30
4860	2
4861	1
4862	4
4863	1
4864	4
4865	0
4866	7
4867	1
4868	1
4869	1
4870	2
4871	1
4872	1
4873	1
4874	3
4875	181
4876	2
4877	0
4878	0
4879	44
4880	1
4881	4
4882	3
4883	5
4884	52
4885	4
4886	1
4887	3
4888	0
4889	2
4890	1
4891	7
4892	0
4893	5
4894	79
4895	0
4896	1
4897	1
4898	11
4899	204
4900	1
4901	2
4902	0
4903	2
4904	2
4905	1
4906	2
4907	0
4908	1
4909	2
4910	2
4911	1
4912	2
4913	1
4914	2
4915	6
4916	1
4917	1
4918	1
4919	1
4920	2
4921	1
4922	2
4923	3
4924	10
4925	2
4926	7
4927	1
4928	0
4929	72
4930	0
4931	1
4932	2
4933	3
4934	13
4935	1
4936	2
4937	17
4938	57
4939	0
4940	78
4941	0
4942	9
4943	31
4944	49
4945	1
4946	4
4947	10
4948	214
4949	0
4950	1
4951	1
4952	3
4953	64
4954	6
4955	0
4956	0
4957	1
4958	0
4959	0
4960	8
4961	0
4962	55
4963	13
4964	144
4965	1
4966	34
4967	361
4968	0
4969	1
4970	8
4971	1
4972	2
4973	8
4974	44
4975	2
4976	23
4977	45
4978	1
4979	1
4980	63
4981	128
4982	43
4983	91
4984	0
4985	1
4986	44
4987	13
4988	23
4989	7
4990	0
4991	4
4992	16
4993	20
4994	75
4995	1
4996	1
4997	0
4998	0
4999	73
5000	1
5001	1
5002	226
5003	2
5004	0
5005	1
5006	28
5007	0
5008	27
5009	14
5010	4
5011	10
5012	63
5013	7
5014	0
5015	14
5016	10
5017	9
5018	1
5019	1
5020	234
5021	0
5022	321
5023	0
5024	4
5025	0
5026	61
5027	0
5028	110
5029	26
5030	0
5031	1
5032	2
5033	9
5034	0
5035	1
5036	4
5037	73
5038	5
5039	7
5040	3
5041	0
5042	0
5043	8
5044	12
5045	9
5046	2
5047	1
5048	6
5049	0
5050	11
5051	8
5052	1
5053	52
5054	2
5055	78
5056	0
5057	1
5058	33
5059	26
5060	3
5061	59
5062	1
5063	1
5064	23
5065	1
5066	0
5067	2
5068	10
5069	5
5070	4
5071	1
5072	68
5073	57
5074	0
5075	6
5076	0
5077	1
5078	3
5079	399
5080	3
5081	5
5082	0
5083	64
5084	1
5085	4
5086	1
5087	1
5088	1
5089	8
5090	3
5091	1
5092	72
5093	1
5094	0
5095	3
5096	61
5097	1
5098	2
5099	14
5100	84
5101	0
5102	54
5103	172
5104	3
5105	1
5106	96
5107	0
5108	0
5109	1
5110	84
5111	7
5112	1
5113	0
5114	4
5115	15
5116	1
5117	2
5118	13
5119	18
5120	4
5121	51
5122	1
5123	163
5124	1
5125	54
5126	3
5127	1
5128	1
5129	1
5130	79
5131	0
5132	33
5133	5
5134	0
5135	1
5136	1
5137	0
5138	1
5139	11
5140	91
5141	12
5142	4
5143	16
5144	66
5145	1
5146	5
5147	0
5148	58
5149	0
5150	13
5151	3
5152	4
5153	5
5154	3
5155	75
5156	0
5157	0
5158	1
5159	1
5160	12
5161	1
5162	57
5163	1
5164	2
5165	0
5166	48
5167	1
5168	0
5169	0
5170	0
5171	41
5172	29
5173	122
5174	6
5175	35
5176	179
5177	102
5178	133
5179	298
5180	49
5181	41
5182	70
5183	1
5184	68
5185	152
5186	2
5187	31
5188	258
5189	361
5190	80
5191	10
5192	1
5193	18
5194	10
5195	4
5196	32
5197	3
5198	6
5199	87
5200	101
5201	15
5202	2
5203	15
5204	71
5205	0
5206	0
5207	13
5208	15
5209	1
5210	158
5211	0
5212	0
5213	1
5214	1
5215	47
5216	1
5217	21
5218	1
5219	1
5220	1
5221	1
5222	52
5223	0
5224	1
5225	1
5226	88
5227	1
5228	1
5229	1
5230	1
5231	12
5232	2
5233	168
5234	0
5235	0
5236	0
5237	0
5238	3
5239	50
5240	3
5241	2
5242	1
5243	19
5244	1
5245	28
5246	78
5247	2
5248	2
5249	1
5250	14
5251	1
5252	1
5253	6
5254	291
5255	20
5256	0
5257	0
5258	0
5259	0
5260	6
5261	2
5262	131
5263	124
5264	7
5265	1
5266	0
5267	5
5268	0
5269	1
5270	0
5271	6
5272	0
5273	67
5274	3
5275	2
5276	9
5277	1
5278	1
5279	0
5280	1
5281	1
5282	4
5283	2
5284	2
5285	53
5286	10
5287	1
5288	126
5289	52
5290	1
5291	1
5292	0
5293	0
5294	1
5295	72
5296	24
5297	0
5298	12
5299	1
5300	1
5301	126
5302	0
5303	3
5304	0
5305	33
5306	7
5307	0
5308	19
5309	5
5310	2
5311	11
5312	16
5313	12
5314	1
5315	1
5316	24
5317	18
5318	0
5319	0
5320	11
5321	114
5322	1
5323	45
5324	16
5325	0
5326	16
5327	43
5328	1
5329	2
5330	1
5331	0
5332	6
5333	3
5334	7
5335	94
5336	3
5337	1
5338	0
5339	10
5340	0
5341	58
5342	30
5343	2
5344	3
5345	1
5346	1
5347	2
5348	1
5349	0
5350	4
5351	6
5352	3
5353	1
5354	6
5355	1
5356	1
5357	1
5358	1
5359	0
5360	15
5361	6
5362	1
5363	3
5364	6
5365	1
5366	2
5367	1
5368	5
5369	0
5370	1
5371	1
5372	1
5373	1
5374	1
5375	24
5376	1
5377	1
5378	60
5379	0
5380	2
5381	4
5382	19
5383	0
5384	37
5385	1
5386	3
5387	16
5388	3
5389	0
5390	2
5391	37
5392	65
5393	20
5394	0
5395	1
5396	12
5397	1
5398	2
5399	8
5400	4
5401	3
5402	0
5403	0
5404	152
5405	4
5406	14
5407	0
5408	0
5409	0
5410	1
5411	0
5412	219
5413	1
5414	1
5415	43
5416	1
5417	10
5418	1
5419	9
5420	0
5421	42
5422	1
5423	143
5424	2
5425	0
5426	10
5427	37
5428	3
5429	1
5430	70
5431	1
5432	55
5433	0
5434	5
5435	1
5436	1
5437	66
5438	1
5439	104
5440	2
5441	0
5442	3
5443	0
5444	0
5445	116
5446	26
5447	2
5448	3
5449	104
5450	0
5451	0
5452	80
5453	0
5454	84
5455	8
5456	2
5457	84
5458	0
5459	175
5460	1
5461	1
5462	19
5463	57
5464	0
5465	48
5466	39
5467	15
5468	10
5469	3
5470	6
5471	2
5472	16
5473	1
5474	8
5475	2
5476	1
5477	1
5478	9
5479	70
5480	3
5481	5
5482	70
5483	1
5484	167
5485	21
5486	1
5487	56
5488	1
5489	12
5490	1
5491	1
5492	0
5493	0
5494	1
5495	4
5496	1
5497	1
5498	0
5499	16
5500	25
5501	3
5502	0
5503	3
5504	2
5505	1
5506	46
5507	1
5508	1
5509	48
5510	1
5511	52
5512	2
5513	17
5514	12
5515	7
5516	2
5517	1
5518	1
5519	1
5520	2
5521	3
5522	1
5523	1
5524	495
5525	1
5526	6
5527	62
5528	6
5529	106
5530	1
5531	243
5532	26
5533	3
5534	14
5535	1
5536	3
5537	1
5538	0
5539	34
5540	3
5541	1
5542	1
5543	263
5544	4
5545	69
5546	0
5547	0
5548	1
5549	10
5550	11
5551	8
5552	8
5553	46
5554	1
5555	1
5556	0
5557	0
5558	3
5559	29
5560	0
5561	1
5562	13
5563	107
5564	10
5565	3
5566	1
5567	1
5568	44
5569	6
5570	4
5571	1
5572	1
5573	1
5574	0
5575	0
5576	1
5577	8
5578	1
5579	2
5580	2
5581	2
5582	139
5583	2
5584	64
5585	0
5586	0
5587	1
5588	5
5589	11
5590	5
5591	27
5592	29
5593	0
5594	1
5595	1
5596	96
5597	0
5598	1
5599	1
5600	8
5601	2
5602	1
5603	3
5604	7
5605	97
5606	28
5607	1
5608	16
5609	1
5610	2
5611	1
5612	66
5613	1
5614	36
5615	3
5616	15
5617	22
5618	0
5619	0
5620	41
5621	0
5622	2
5623	16
5624	79
5625	1
5626	41
5627	3
5628	1
5629	1
5630	53
5631	4
5632	0
5633	1
5634	0
5635	8
5636	1
5637	58
5638	38
5639	21
5640	41
5641	0
5642	0
5643	13
5644	21
5645	1
5646	2
5647	8
5648	1
5649	2
5650	33
5651	59
5652	1
5653	1
5654	0
5655	148
5656	5
5657	2
5658	10
5659	1
5660	2
5661	3
5662	4
5663	8
5664	5
5665	1
5666	5
5667	5
5668	4
5669	1
5670	2
5671	58
5672	0
5673	4
5674	1
5675	8
5676	1
5677	0
5678	1
5679	1
5680	57
5681	0
5682	1
5683	77
5684	69
5685	1
5686	3
5687	1
5688	1
5689	1
5690	1
5691	49
5692	21
5693	61
5694	4
5695	1
5696	50
5697	311
5698	1
5699	0
5700	0
5701	0
5702	10
5703	1
5704	4
5705	26
5706	6
5707	4
5708	7
5709	20
5710	1
5711	1
5712	1
5713	9
5714	143
5715	0
5716	0
5717	1
5718	1
5719	0
5720	3
5721	57
5722	3
5723	0
5724	0
5725	0
5726	1
5727	0
5728	0
5729	1
5730	1
5731	2
5732	48
5733	1
5734	0
5735	1
5736	0
5737	47
5738	56
5739	111
5740	3
5741	13
5742	0
5743	91
5744	1
5745	20
5746	1
5747	2
5748	1
5749	2
5750	4
5751	1
5752	1
5753	50
5754	2
5755	1
5756	18
5757	15
5758	0
5759	0
5760	96
5761	9
5762	0
5763	4
5764	1
5765	1
5766	1
5767	1
5768	13
5769	4
5770	6
5771	9
5772	33
5773	145
5774	1
5775	115
5776	54
5777	0
5778	4
5779	0
5780	60
5781	1
5782	1
5783	23
5784	26
5785	2
5786	1
5787	32
5788	5
5789	1
5790	51
5791	0
5792	3
5793	2
5794	1
5795	0
5796	191
5797	3
5798	58
5799	89
5800	318
5801	14
5802	410
5803	2
5804	96
5805	16
5806	156
5807	54
5808	6
5809	29
5810	29
5811	135
5812	85
5813	2
5814	227
5815	5
5816	84
5817	133
5818	134
5819	112
5820	20
5821	22
5822	154
5823	12
5824	70
5825	0
5826	0
5827	73
5828	74
5829	88
5830	8
5831	0
5832	5
5833	1
5834	6
5835	31
5836	11
5837	27
5838	4
5839	119
5840	1
5841	1
5842	1
5843	0
5844	69
5845	0
5846	3
5847	0
5848	51
5849	0
5850	20
5851	0
5852	1
5853	1
5854	1
5855	8
5856	1
5857	92
5858	0
5859	16
5860	15
5861	2
5862	24
5863	57
5864	1
5865	0
5866	1
5867	0
5868	3
5869	0
5870	0
5871	114
5872	117
5873	6
5874	1
5875	1
5876	1
5877	7
5878	1
5879	0
5880	3
5881	0
5882	3
5883	2
5884	2
5885	3
5886	87
5887	21
5888	1
5889	1
5890	5
5891	58
5892	2
5893	0
5894	0
5895	1
5896	10
5897	61
5898	0
5899	2
5900	0
5901	0
5902	86
5903	1
5904	0
5905	0
5906	0
5907	1
5908	19
5909	2
5910	1
5911	2
5912	0
5913	5
5914	2
5915	52
5916	9
5917	1
5918	0
5919	2
5920	10
5921	4
5922	56
5923	3
5924	1
5925	64
5926	6
5927	10
5928	57
5929	0
5930	3
5931	5
5932	68
5933	39
5934	42
5935	11
5936	67
5937	1
5938	2
5939	3
5940	13
5941	1
5942	4
5943	1
5944	1
5945	9
5946	4
5947	75
5948	0
5949	3
5950	42
5951	0
5952	14
5953	0
5954	0
5955	3
5956	2
5957	0
5958	3
5959	1
5960	4
5961	11
5962	2
5963	90
5964	1
5965	3
5966	7
5967	1
5968	0
5969	45
5970	1
5971	1
5972	20
5973	30
5974	0
5975	0
5976	0
5977	13
5978	1
5979	0
5980	36
5981	6
5982	4
5983	1
5984	10
5985	1
5986	1
5987	1
5988	4
5989	1
5990	1
5991	18
5992	1
5993	3
5994	57
5995	2
5996	0
5997	2
5998	114
5999	20
6000	56
6001	52
6002	1
6003	1
6004	92
6005	1
6006	168
6007	6
6008	0
6009	10
6010	3
6011	0
6012	0
6013	3
6014	1
6015	3
6016	10
6017	2
6018	1
6019	1
6020	25
6021	12
6022	1
6023	56
6024	17
6025	1
6026	3
6027	7
6028	1
6029	39
6030	1
6031	2
6032	133
6033	1
6034	1
6035	1
6036	1
6037	1
6038	6
6039	1
6040	0
6041	8
6042	1
6043	81
6044	73
6045	7
6046	2
6047	12
6048	1
6049	3
6050	1
6051	1
6052	1
6053	1
6054	3
6055	3
6056	1
6057	1
6058	1
6059	11
6060	1
6061	1
6062	2
6063	1
6064	4
6065	0
6066	1
6067	1
6068	32
6069	5
6070	3
6071	3
6072	54
6073	1
6074	1
6075	18
6076	0
6077	1
6078	10
6079	1
6080	9
6081	3
6082	18
6083	9
6084	0
6085	0
6086	0
6087	0
6088	3
6089	1
6090	1
6091	1
6092	1
6093	5
6094	50
6095	0
6096	7
6097	85
6098	63
6099	0
6100	1
6101	1
6102	0
6103	0
6104	0
6105	17
6106	4
6107	4
6108	4
6109	5
6110	7
6111	10
6112	1
6113	1
6114	2
6115	0
6116	2
6117	0
6118	2
6119	3
6120	1
6121	2
6122	0
6123	110
6124	71
6125	0
6126	11
6127	3
6128	2
6129	1
6130	7
6131	0
6132	2
6133	4
6134	7
6135	2
6136	0
6137	0
6138	0
6139	1
6140	0
6141	1
6142	1
6143	1
6144	1
6145	1
6146	9
6147	1
6148	60
6149	3
6150	1
6151	72
6152	1
6153	1
6154	0
6155	1
6156	101
6157	3
6158	1
6159	0
6160	3
6161	22
6162	6
6163	0
6164	11
6165	4
6166	34
6167	0
6168	1
6169	3
6170	46
6171	0
6172	0
6173	0
6174	44
6175	1
6176	3
6177	2
6178	1
6179	7
6180	3
6181	1
6182	3
6183	1
6184	2
6185	1
6186	1
6187	1
6188	1
6189	0
6190	3
6191	1
6192	2
6193	1
6194	0
6195	0
6196	2
6197	2
6198	27
6199	1
6200	6
6201	2
6202	3
6203	1
6204	12
6205	1
6206	1
6207	4
6208	3
6209	0
6210	0
6211	0
6212	3
6213	3
6214	1
6215	1
6216	5
6217	31
6218	99
6219	4
6220	18
6221	75
6222	1
6223	17
6224	1
6225	4
6226	13
6227	55
6228	1
6229	87
6230	2
6231	0
6232	3
6233	0
6234	0
6235	8
6236	1
6237	0
6238	0
6239	5
6240	1
6241	101
6242	5
6243	74
6244	1
6245	8
6246	55
6247	1
6248	10
6249	0
6250	0
6251	54
6252	2
6253	1
6254	1
6255	37
6256	0
6257	3
6258	1
6259	1
6260	0
6261	13
6262	55
6263	4
6264	1
6265	1
6266	1
6267	1
6268	0
6269	10
6270	121
6271	11
6272	112
6273	1
6274	9
6275	1
6276	1
6277	0
6278	5
6279	1
6280	56
6281	1
6282	1
6283	0
6284	0
6285	0
6286	3
6287	1
6288	1
6289	0
6290	0
6291	1
6292	1
6293	1
6294	1
6295	3
6296	49
6297	1
6298	7
6299	164
6300	0
6301	1
6302	17
6303	0
6304	1
6305	232
6306	79
6307	6
6308	0
6309	0
6310	0
6311	13
6312	3
6313	2
6314	10
6315	1
6316	19
6317	5
6318	0
6319	2
6320	54
6321	4
6322	0
6323	72
6324	6
6325	5
6326	2
6327	211
6328	59
6329	0
6330	80
6331	3
6332	1
6333	2
6334	45
6335	0
6336	0
6337	71
6338	0
6339	3
6340	9
6341	0
6342	0
6343	0
6344	6
6345	0
6346	17
6347	73
6348	1
6349	1
6350	1
6351	1
6352	0
6353	0
6354	0
6355	1
6356	2
6357	0
6358	0
6359	81
6360	46
6361	0
6362	0
6363	0
6364	0
6365	0
6366	1
6367	2
6368	0
6369	0
6370	0
6371	1
6372	0
6373	0
6374	1
6375	1
6376	4
6377	17
6378	2
6379	1
6380	4
6381	3
6382	0
6383	3
6384	0
6385	0
6386	0
6387	1
6388	63
6389	1
6390	0
6391	1
6392	1
6393	1
6394	8
6395	1
6396	1
6397	1
6398	29
6399	1
6400	49
6401	0
6402	0
6403	0
6404	0
6405	0
6406	2
6407	32
6408	3
6409	20
6410	1
6411	1
6412	1
6413	1
6414	114
6415	4
6416	2
6417	74
6418	0
6419	0
6420	0
6421	30
6422	72
6423	1
6424	43
6425	0
6426	1
6427	6
6428	3
6429	1
6430	1
6431	1
6432	47
6433	0
6434	0
6435	11
6436	3
6437	67
6438	0
6439	1
6440	3
6441	63
6442	57
6443	70
6444	1
6445	7
6446	1
6447	26
6448	1
6449	0
6450	1
6451	1
6452	2
6453	1
6454	1
6455	1
6456	3
6457	2
6458	93
6459	2
6460	58
6461	6
6462	18
6463	0
6464	9
6465	0
6466	1
6467	8
6468	1
6469	2
6470	1
6471	5
6472	12
6473	0
6474	27
6475	2
6476	0
6477	1
6478	1
6479	13
6480	1
6481	62
6482	0
6483	28
6484	10
6485	1
6486	85
6487	4
6488	22
6489	2
6490	2
6491	12
6492	2
6493	1
6494	101
6495	2
6496	85
6497	1
6498	52
6499	0
6500	8
6501	58
6502	12
6503	47
6504	7
6505	67
6506	1
6507	1
6508	1
6509	1
6510	54
6511	13
6512	0
6513	1
6514	1
6515	1
6516	1
6517	2
6518	33
6519	1
6520	2
6521	1
6522	29
6523	113
6524	8
6525	17
6526	11
6527	1
6528	34
6529	14
6530	7
6531	0
6532	7
6533	1
6534	1
6535	1
6536	2
6537	5
6538	21
6539	1
6540	0
6541	1
6542	1
6543	5
6544	1
6545	5
6546	2
6547	1
6548	10
6549	0
6550	9
6551	2
6552	59
6553	29
6554	37
6555	139
6556	0
6557	0
6558	0
6559	0
6560	171
6561	3
6562	0
6563	58
6564	0
6565	1
6566	59
6567	16
6568	2
6569	0
6570	36
6571	17
6572	1
6573	1
6574	1
6575	1
6576	47
6577	10
6578	1
6579	1
6580	1
6581	1
6582	1
6583	1
6584	1
6585	1
6586	1
6587	1
6588	1
6589	27
6590	9
6591	0
6592	7
6593	0
6594	37
6595	52
6596	200
6597	0
6598	6
6599	50
6600	61
6601	1
6602	1
6603	1
6604	1
6605	10
6606	21
6607	4
6608	18
6609	7
6610	0
6611	16
6612	7
6613	51
6614	2
6615	160
6616	18
6617	1
6618	147
6619	104
6620	93
6621	4
6622	5
6623	1
6624	189
6625	3
6626	9
6627	50
6628	19
6629	0
6630	1
6631	0
6632	37
6633	1
6634	204
6635	9
6636	2
6637	0
6638	1
6639	1
6640	0
6641	2
6642	0
6643	2
6644	1
6645	2
6646	4
6647	1
6648	3
6649	26
6650	1
6651	1
6652	1
6653	1
6654	1
6655	7
6656	1
6657	11
6658	5
6659	0
6660	1
6661	7
6662	0
6663	15
6664	0
6665	139
6666	6
6667	0
6668	6
6669	0
6670	7
6671	4
6672	1
6673	1
6674	1
6675	1
6676	6
6677	1
6678	1
6679	1
6680	1
6681	2
6682	10
6683	3
6684	1
6685	6
6686	11
6687	1
6688	1
6689	1
6690	1
6691	5
6692	6
6693	0
6694	0
6695	2
6696	2
6697	1
6698	1
6699	44
6700	18
6701	1
6702	10
6703	1
6704	0
6705	1
6706	3
6707	11
6708	0
6709	8
6710	2
6711	7
6712	42
6713	4
6714	141
6715	81
6716	0
6717	4
6718	1
6719	3
6720	51
6721	6
6722	0
6723	6
6724	5
6725	28
6726	12
6727	1
6728	1
6729	1
6730	1
6731	1
6732	1
6733	0
6734	2
6735	1
6736	88
6737	33
6738	1
6739	45
6740	0
6741	0
6742	0
6743	0
6744	2
6745	1
6746	2
6747	4
6748	0
6749	1
6750	0
6751	2
6752	1
6753	4
6754	0
6755	19
6756	1
6757	1
6758	10
6759	26
6760	2
6761	1
6762	5
6763	0
6764	1
6765	52
6766	22
6767	2
6768	1
6769	5
6770	72
6771	2
6772	82
6773	1
6774	125
6775	3
6776	3
6777	15
6778	3
6779	3
6780	66
6781	8
6782	1
6783	44
6784	149
6785	0
6786	0
6787	1
6788	13
6789	66
6790	72
6791	1
6792	0
6793	1
6794	1
6795	2
6796	0
6797	1
6798	1
6799	0
6800	1
6801	6
6802	3
6803	26
6804	6
6805	12
6806	10
6807	1
6808	1
6809	17
6810	1
6811	1
6812	2
6813	6
6814	0
6815	4
6816	1
6817	0
6818	2
6819	1
6820	0
6821	1
6822	2
6823	0
6824	1
6825	0
6826	2
6827	0
6828	1
6829	4
6830	0
6831	0
6832	170
6833	95
6834	2
6835	1
6836	1
6837	1
6838	0
6839	0
6840	14
6841	2
6842	1
6843	1
6844	1
6845	2
6846	6
6847	1
6848	14
6849	0
6850	35
6851	0
6852	1
6853	0
6854	1
6855	78
6856	1
6857	0
6858	2
6859	11
6860	49
6861	2
6862	1
6863	2
6864	2
6865	19
6866	4
6867	5
6868	0
6869	75
6870	3
6871	1
6872	0
6873	38
6874	0
6875	71
6876	1
6877	1
6878	1
6879	0
6880	2
6881	1
6882	0
6883	4
6884	1
6885	19
6886	7
6887	0
6888	0
6889	5
6890	10
6891	0
6892	13
6893	0
6894	0
6895	6
6896	4
6897	45
6898	0
6899	2
6900	31
6901	46
6902	28
6903	1
6904	2
6905	1
6906	49
6907	238
6908	1
6909	1
6910	1
6911	5
6912	3
6913	124
6914	206
6915	2
6916	54
6917	11
6918	86
6919	0
6920	5
6921	1
6922	1
6923	11
6924	29
6925	0
6926	1
6927	1
6928	1
6929	1
6930	59
6931	0
6932	0
6933	9
6934	133
6935	2
6936	1
6937	0
6938	16
6939	0
6940	1
6941	57
6942	10
6943	1
6944	0
6945	41
6946	177
6947	1
6948	27
6949	5
6950	5
6951	49
6952	0
6953	31
6954	3
6955	54
6956	0
6957	0
6958	2
6959	5
6960	1
6961	2
6962	1
6963	1
6964	0
6965	2
6966	0
6967	7
6968	1
6969	1
6970	0
6971	6
6972	1
6973	0
6974	2
6975	10
6976	99
6977	0
6978	1
6979	105
6980	70
6981	1
6982	18
6983	1
6984	7
6985	1
6986	1
6987	1
6988	0
6989	0
6990	1
6991	18
6992	0
6993	107
6994	52
6995	1
6996	1
6997	4
6998	1
6999	1
7000	1
7001	1
7002	2
7003	1
7004	1
7005	59
7006	1
7007	1
7008	1
7009	1
7010	1
7011	3
7012	50
7013	1
7014	2
7015	1
7016	1
7017	1
7018	1
7019	4
7020	3
7021	104
7022	1
7023	16
7024	3
7025	1
7026	13
7027	1
7028	1
7029	2
7030	2
7031	1
7032	1
7033	2
7034	1
7035	2
7036	2
7037	1
7038	7
7039	0
7040	30
7041	1
7042	3
7043	14
7044	3
7045	36
7046	21
7047	210
7048	1
7049	27
7050	55
7051	1
7052	208
7053	31
7054	87
7055	98
7056	37
7057	118
7058	0
7059	31
7060	7
7061	3
7062	8
7063	72
7064	3
7065	1
7066	0
7067	0
7068	0
7069	0
7070	2
7071	4
7072	1
7073	41
7074	21
7075	0
7076	0
7077	0
7078	0
7079	1
7080	70
7081	0
7082	1
7083	0
7084	1
7085	1
7086	123
7087	2
7088	34
7089	2
7090	11
7091	0
7092	224
7093	0
7094	38
7095	1
7096	5
7097	0
7098	1
7099	18
7100	15
7101	44
7102	0
7103	1
7104	15
7105	0
7106	4
7107	2
7108	61
7109	2
7110	16
7111	1
7112	1
7113	12
7114	1
7115	88
7116	47
7117	7
7118	1
7119	47
7120	38
7121	7
7122	1
7123	1
7124	1
7125	1
7126	3
7127	2
7128	2
7129	11
7130	2
7131	87
7132	30
7133	1
7134	3
7135	1
7136	2
7137	1
7138	2
7139	3
7140	1
7141	0
7142	4
7143	46
7144	47
7145	1
7146	12
7147	0
7148	0
7149	7
7150	10
7151	1
7152	0
7153	12
7154	1
7155	1
7156	1
7157	1
7158	1
7159	1
7160	1
7161	5
7162	12
7163	2
7164	4
7165	3
7166	1
7167	1
7168	53
7169	0
7170	1
7171	9
7172	2
7173	2
7174	1
7175	2
7176	4
7177	1
7178	2
7179	2
7180	4
7181	2
7182	0
7183	9
7184	2
7185	31
7186	16
7187	1
7188	14
7189	3
7190	1
7191	1
7192	1
7193	1
7194	1
7195	1
7196	0
7197	1
7198	8
7199	2
7200	0
7201	10
7202	0
7203	1
7204	3
7205	1
7206	1
7207	0
7208	0
7209	0
7210	1
7211	1
7212	1
7213	0
7214	55
7215	3
7216	0
7217	1
7218	1
7219	1
7220	1
7221	1
7222	6
7223	1
7224	0
7225	113
7226	4
7227	12
7228	7
7229	7
7230	4
7231	101
7232	1
7233	76
7234	1
7235	1
7236	23
7237	64
7238	49
7239	21
7240	1
7241	21
7242	0
7243	12
7244	0
7245	1
7246	8
7247	0
7248	0
7249	0
7250	4
7251	1
7252	1
7253	4
7254	9
7255	1
7256	0
7257	8
7258	0
7259	0
7260	3
7261	0
7262	21
7263	0
7264	0
7265	1
7266	6
7267	1
7268	1
7269	1
7270	5
7271	3
7272	0
7273	3
7274	0
7275	0
7276	5
7277	66
7278	4
7279	92
7280	144
7281	12
7282	2
7283	1
7284	2
7285	1
7286	1
7287	1
7288	0
7289	9
7290	5
7291	1
7292	2
7293	4
7294	39
7295	62
7296	1
7297	1
7298	2
7299	1
7300	1
7301	93
7302	2
7303	0
7304	11
7305	1
7306	18
7307	0
7308	0
7309	1
7310	1
7311	0
7312	0
7313	0
7314	0
7315	12
7316	5
7317	15
7318	3
7319	8
7320	1
7321	3
7322	0
7323	11
7324	0
7325	0
7326	1
7327	6
7328	0
7329	2
7330	2
7331	0
7332	1
7333	1
7334	0
7335	15
7336	1
7337	1
7338	0
7339	0
7340	0
7341	28
7342	1
7343	12
7344	3
7345	1
7346	0
7347	1
7348	2
7349	1
7350	21
7351	59
7352	15
7353	1
7354	4
7355	1
7356	0
7357	9
7358	0
7359	7
7360	1
7361	0
7362	24
7363	1
7364	0
7365	4
7366	0
7367	0
7368	0
7369	0
7370	0
7371	2
7372	1
7373	45
7374	1
7375	0
7376	4
7377	1
7378	92
7379	7
7380	3
7381	60
7382	1
7383	2
7384	0
7385	0
7386	77
7387	8
7388	0
7389	31
7390	24
7391	94
7392	1
7393	27
7394	5
7395	0
7396	0
7397	16
7398	0
7399	0
7400	66
7401	3
7402	5
7403	1
7404	1
7405	18
7406	0
7407	6
7408	0
7409	10
7410	0
7411	0
7412	0
7413	2
7414	95
7415	6
7416	1
7417	2
7418	2
7419	1
7420	1
7421	9
7422	35
7423	11
7424	4
7425	7
7426	2
7427	1
7428	2
7429	1
7430	1
7431	1
7432	0
7433	0
7434	7
7435	0
7436	12
7437	0
7438	0
7439	7
7440	7
7441	3
7442	31
7443	53
7444	3
7445	1
7446	1
7447	1
7448	1
7449	51
7450	34
7451	1
7452	3
7453	1
7454	1
7455	4
7456	1
7457	1
7458	1
7459	1
7460	0
7461	1
7462	1
7463	0
7464	0
7465	1
7466	1
7467	2
7468	1
7469	1
7470	1
7471	9
7472	1
7473	1
7474	1
7475	0
7476	2
7477	1
7478	92
7479	0
7480	1
7481	1
7482	1
7483	1
7484	3
7485	1
7486	1
7487	1
7488	0
7489	0
7490	30
7491	11
7492	3
7493	11
7494	1
7495	1
7496	0
7497	30
7498	9
7499	0
7500	0
7501	1
7502	3
7503	1
7504	0
7505	1
7506	1
7507	0
7508	4
7509	1
7510	60
7511	16
7512	29
7513	1
7514	3
7515	1
7516	0
7517	22
7518	3
7519	0
7520	10
7521	0
7522	1
7523	1
7524	1
7525	1
7526	0
7527	1
7528	1
7529	42
7530	0
7531	1
7532	0
7533	5
7534	2
7535	1
7536	1
7537	1
7538	1
7539	0
7540	1
7541	0
7542	0
7543	0
7544	56
7545	1
7546	3
7547	0
7548	0
7549	2
7550	1
7551	0
7552	0
7553	190
7554	3
7555	0
7556	0
7557	13
7558	0
7559	0
7560	0
7561	51
7562	0
7563	1
7564	31
7565	3
7566	0
7567	8
7568	0
7569	4
7570	3
7571	1
7572	1
7573	0
7574	19
7575	0
7576	1
7577	1
7578	28
7579	9
7580	19
7581	1
7582	0
7583	4
7584	0
7585	1
7586	7
7587	93
7588	25
7589	0
7590	3
7591	0
7592	0
7593	15
7594	4
7595	1
7596	0
7597	4
7598	33
7599	1
7600	1
7601	3
7602	1
7603	0
7604	12
7605	3
7606	0
7607	0
7608	2
7609	2
7610	1
7611	1
7612	0
7613	1
7614	39
7615	1
7616	1
7617	1
7618	49
7619	1
7620	208
7621	0
7622	0
7623	3
7624	58
7625	6
7626	1
7627	0
7628	0
7629	1
7630	1
7631	0
7632	178
7633	0
7634	8
7635	0
7636	1
7637	1
7638	1
7639	1
7640	0
7641	0
7642	12
7643	0
7644	1
7645	1
7646	39
7647	29
7648	10
7649	66
7650	2
7651	51
7652	11
7653	8
7654	0
7655	0
7656	0
7657	0
7658	7
7659	6
7660	1
7661	4
7662	63
7663	1
7664	1
7665	6
7666	31
7667	0
7668	8
7669	7
7670	1
7671	0
7672	1
7673	9
7674	0
7675	30
7676	5
7677	12
7678	2
7679	26
7680	0
7681	0
7682	36
7683	43
7684	2
7685	13
7686	2
7687	3
7688	14
7689	0
7690	1
7691	26
7692	0
7693	0
7694	39
7695	41
7696	4
7697	19
7698	1
7699	79
7700	0
7701	18
7702	0
7703	2
7704	1
7705	1
7706	2
7707	47
7708	1
7709	0
7710	0
7711	0
7712	0
7713	0
7714	0
7715	1
7716	2
7717	2
7718	0
7719	4
7720	1
7721	1
7722	0
7723	0
7724	2
7725	0
7726	46
7727	30
7728	2
7729	1
7730	6
7731	0
7732	1
7733	45
7734	6
7735	3
7736	2
7737	1
7738	6
7739	0
7740	11
7741	4
7742	1
7743	13
7744	50
7745	1
7746	0
7747	8
7748	0
7749	0
7750	2
7751	1
7752	2
7753	2
7754	1
7755	13
7756	2
7757	53
7758	1
7759	4
7760	1
7761	1
7762	1
7763	57
7764	0
7765	2
7766	13
7767	2
7768	11
7769	19
7770	2
7771	3
7772	20
7773	1
7774	35
7775	11
7776	0
7777	1
7778	34
7779	2
7780	3
7781	1
7782	1
7783	1
7784	0
7785	0
7786	0
7787	0
7788	44
7789	1
7790	4
7791	23
7792	7
7793	0
7794	0
7795	54
7796	1
7797	1
7798	0
7799	5
7800	1
7801	1
7802	1
7803	54
7804	1
7805	1
7806	2
7807	0
7808	12
7809	124
7810	59
7811	0
7812	6
7813	39
7814	1
7815	2
7816	0
7817	0
7818	23
7819	11
7820	0
7821	1
7822	1
7823	0
7824	0
7825	0
7826	1
7827	1
7828	1
7829	4
7830	1
7831	2
7832	1
7833	55
7834	1
7835	43
7836	1
7837	2
7838	0
7839	69
7840	4
7841	1
7842	2
7843	2
7844	1
7845	2
7846	0
7847	0
7848	1
7849	1
7850	1
7851	1
7852	1
7853	2
7854	1
7855	52
7856	7
7857	8
7858	0
7859	0
7860	40
7861	2
7862	62
7863	1
7864	2
7865	24
7866	1
7867	1
7868	1
7869	1
7870	1
7871	47
7872	0
7873	6
7874	21
7875	2
7876	0
7877	6
7878	1
7879	35
7880	0
7881	2
7882	51
7883	1
7884	5
7885	6
7886	1
7887	1
7888	1
7889	1
7890	74
7891	1
7892	1
7893	2
7894	1
7895	0
7896	0
7897	0
7898	0
7899	10
7900	27
7901	30
7902	21
7903	4
7904	6
7905	1
7906	10
7907	12
7908	85
7909	2
7910	57
7911	1
7912	39
7913	5
7914	1
7915	1
7916	2
7917	0
7918	0
7919	3
7920	1
7921	24
7922	1
7923	1
7924	65
7925	1
7926	0
7927	46
7928	21
7929	4
7930	1
7931	2
7932	2
7933	4
7934	1
7935	1
7936	0
7937	1
7938	2
7939	1
7940	1
7941	1
7942	1
7943	0
7944	1
7945	5
7946	36
7947	0
7948	2
7949	1
7950	1
7951	0
7952	9
7953	1
7954	1
7955	1
7956	1
7957	1
7958	0
7959	1
7960	1
7961	84
7962	0
7963	0
7964	11
7965	34
7966	1
7967	4
7968	3
7969	2
7970	1
7971	0
7972	1
7973	1
7974	1
7975	1
7976	1
7977	0
7978	1
7979	48
7980	15
7981	1
7982	1
7983	0
7984	0
7985	1
7986	1
7987	0
7988	0
7989	0
7990	0
7991	2
7992	44
7993	2
7994	10
7995	1
7996	11
7997	0
7998	1
7999	1
8000	1
8001	1
8002	30
8003	0
8004	0
8005	2
8006	1
8007	5
8008	0
8009	1
8010	2
8011	1
8012	7
8013	1
8014	1
8015	1
8016	0
8017	0
8018	0
8019	8
8020	1
8021	3
8022	0
8023	1
8024	6
8025	4
8026	0
8027	1
8028	4
8029	0
8030	0
8031	0
8032	0
8033	5
8034	0
8035	1
8036	19
8037	32
8038	4
8039	0
8040	1
8041	3
8042	55
8043	5
8044	32
8045	7
8046	16
8047	20
8048	3
8049	1
8050	15
8051	52
8052	1
8053	20
8054	2
8055	1
8056	1
8057	1
8058	2
8059	0
8060	5
8061	5
8062	1
8063	3
8064	1
8065	1
8066	3
8067	0
8068	4
8069	4
8070	1
8071	1
8072	1
8073	22
8074	1
8075	1
8076	2
8077	2
8078	0
8079	9
8080	1
8081	1
8082	0
8083	40
8084	1
8085	16
8086	1
8087	1
8088	2
8089	1
8090	8
8091	1
8092	5
8093	1
8094	4
8095	1
8096	1
8097	2
8098	1
8099	1
8100	1
8101	1
8102	1
8103	1
8104	1
8105	1
8106	1
8107	13
8108	1
8109	1
8110	1
8111	2
8112	2
8113	0
8114	1
8115	1
8116	0
8117	0
8118	1
8119	1
8120	1
8121	53
8122	26
8123	0
8124	26
8125	0
8126	1
8127	0
8128	40
8129	0
8130	8
8131	2
8132	14
8133	1
8134	60
8135	1
8136	1
8137	1
8138	1
8139	4
8140	1
8141	44
8142	1
8143	0
8144	1
8145	2
8146	2
8147	1
8148	12
8149	5
8150	2
8151	0
8152	10
8153	1
8154	0
8155	1
8156	5
8157	2
8158	1
8159	1
8160	0
8161	1
8162	9
8163	43
8164	0
8165	1
8166	1
8167	1
8168	48
8169	14
8170	1
8171	3
8172	1
8173	7
8174	80
8175	1
8176	0
8177	1
8178	54
8179	1
8180	1
8181	1
8182	1
8183	1
8184	1
8185	0
8186	7
8187	1
8188	0
8189	4
8190	4
8191	0
8192	71
8193	2
8194	1
8195	1
8196	1
8197	1
8198	35
8199	1
8200	0
8201	0
8202	1
8203	1
8204	10
8205	1
8206	1
8207	0
8208	0
8209	37
8210	0
8211	11
8212	49
8213	1
8214	1
8215	1
8216	1
8217	0
8218	0
8219	42
8220	0
8221	1
8222	6
8223	0
8224	48
8225	7
8226	9
8227	2
8228	0
8229	1
8230	0
8231	1
8232	1
8233	1
8234	0
8235	10
8236	1
8237	33
8238	1
8239	0
8240	0
8241	2
8242	1
8243	6
8244	1
8245	1
8246	14
8247	0
8248	1
8249	39
8250	0
8251	1
8252	1
8253	1
8254	1
8255	1
8256	1
8257	0
8258	0
8259	0
8260	1
8261	1
8262	1
8263	9
8264	1
8265	1
8266	1
8267	0
8268	0
8269	0
8270	2
8271	3
8272	1
8273	1
8274	1
8275	12
8276	9
8277	4
8278	0
8279	0
8280	0
8281	0
8282	11
8283	10
8284	10
8285	7
8286	3
8287	42
8288	14
8289	4
8290	101
8291	71
8292	41
8293	164
8294	105
8295	118
8296	14
8297	42
