0	1.42
1	0.43
2	1.92
3	2.02
4	1.79
5	1.16
6	1.13
7	1.87
8	1.31
9	1.41
10	1.18
11	1.04
12	0.99
13	1.12
14	2.53
15	1.23
16	0.78
17	1.58
18	1.64
19	0.87
20	1.02
21	1.13
22	1.9
23	2.22
24	1.56
25	1.26
26	1.66
27	1.77
28	2.07
29	1.22
30	1.21
31	1.57
32	0.7
33	2.06
34	1.56
35	1.62
36	1.1
37	1.67
38	1.31
39	0.7
40	1.48
41	0.83
42	0.46
43	1.56
44	1.26
45	0.78
46	1.88
47	2.02
48	0.56
49	1.87
50	1.35
51	0.83
52	1.4
53	1.54
54	1.56
55	1.11
56	1.08
57	1.91
58	1.28
59	1.2
60	1.35
61	1.13
62	1.78
63	1.37
64	1.64
65	1.95
66	1.95
67	1.47
68	1.27
69	1.36
70	1.53
71	1.78
72	1.48
73	1.22
74	1.64
75	1.34
76	1.71
77	1.49
78	1.46
79	0.93
80	1.3
81	1.42
82	1.22
83	1.55
84	1.3
85	1.28
86	1.51
87	0.65
88	1.01
89	1.86
90	2.05
91	2.47
92	1.33
93	1.73
94	1.45
95	1.57
96	1.37
97	1.79
98	1.93
99	2.17
100	2.05
101	1.26
102	1.17
103	0.97
104	1.37
105	1.1
106	1.8
107	1.73
108	1.21
109	1.57
110	1.52
111	1.58
112	1.15
113	1.66
114	1.44
115	1.2
116	0.59
117	1.29
118	1.77
119	1.94
120	1.69
121	1.37
122	1.5
123	1.12
124	0.93
125	1.86
126	1.28
127	1.77
128	1.12
129	1.49
130	2.0
131	1.76
132	0.83
133	1.52
134	1.55
135	1.81
136	1.83
137	1.84
138	1.4
139	1.1
140	1.55
141	1.26
142	0.96
143	1.25
144	1.49
145	1.08
146	1.14
147	1.74
148	2.0
149	1.76
150	1.57
151	1.3
152	1.91
153	1.56
154	1.73
155	1.81
156	0.83
157	1.55
158	0.99
159	1.64
160	1.39
161	2.26
162	1.17
163	1.32
164	0.93
165	1.38
166	0.81
167	1.65
168	1.41
169	1.29
170	1.76
171	2.05
172	0.84
173	1.62
174	2.39
175	0.78
176	1.67
177	1.15
178	2.15
179	1.37
180	1.16
181	1.07
182	1.3
183	1.31
184	1.66
185	1.53
186	1.01
187	1.89
188	1.69
189	2.02
190	1.22
191	1.98
192	1.84
193	1.27
194	1.71
195	1.19
196	1.21
197	0.91
198	1.52
199	1.26
200	1.58
201	1.51
202	1.0
203	0.98
204	1.45
205	1.53
206	2.1
207	1.81
208	1.43
209	1.5
210	1.84
211	1.27
212	1.41
213	1.07
214	1.43
215	1.81
216	2.09
217	2.13
218	1.03
219	1.99
220	1.39
221	1.63
222	1.3
223	1.63
224	0.82
225	1.62
226	1.2
227	1.16
228	0.87
229	1.03
230	0.85
231	0.59
232	1.12
233	1.92
234	1.91
235	1.51
236	1.42
237	1.05
238	0.87
239	1.48
240	1.63
241	1.85
242	1.12
243	1.68
244	1.81
245	1.24
246	1.32
247	1.36
248	1.22
249	1.29
250	1.37
251	2.15
252	1.46
253	1.92
254	0.8
255	0.82
256	1.63
257	0.39
258	1.74
259	1.46
260	1.33
261	1.34
262	2.26
263	1.33
264	1.95
265	2.03
266	1.46
267	1.62
268	1.56
269	1.06
270	2.34
271	1.57
272	1.32
273	1.66
274	1.16
275	1.8
276	1.1
277	1.36
278	1.67
279	1.76
280	1.42
281	1.2
282	1.78
283	2.05
284	0.86
285	1.3
286	1.5
287	1.23
288	0.53
289	2.23
290	1.13
291	0.7
292	1.46
293	1.09
294	1.77
295	0.98
296	1.8
297	1.25
298	0.59
299	1.6
300	0.77
301	2.06
302	1.41
303	1.85
304	1.63
305	1.61
306	2.34
307	1.8
308	1.58
309	1.73
310	1.46
311	1.03
312	1.18
313	1.39
314	1.0
315	1.57
316	1.47
317	1.93
318	1.9
319	1.37
320	1.94
321	1.16
322	1.66
323	1.7
324	1.61
325	1.57
326	0.93
327	0.5
328	1.51
329	1.63
330	0.88
331	1.12
332	1.34
333	1.67
334	1.07
335	1.84
336	1.36
337	1.3
338	1.46
339	1.85
340	1.91
341	1.19
342	1.19
343	1.18
344	0.8
345	0.48
346	0.67
347	1.54
348	1.48
349	1.55
350	0.83
351	1.72
352	1.64
353	1.11
354	1.73
355	1.05
356	1.15
357	1.37
358	1.06
359	1.77
360	1.19
361	2.42
362	1.8
363	1.39
364	1.48
365	0.6
366	0.74
367	1.46
368	1.73
369	2.02
370	1.27
371	0.76
372	2.55
373	1.44
374	2.28
375	1.3
376	1.8
377	1.56
378	1.5
379	1.58
380	1.61
381	1.47
382	0.79
383	2.11
384	1.88
385	0.64
386	1.8
387	0.67
388	1.64
389	1.44
390	1.74
391	0.76
392	2.04
393	1.85
394	1.04
395	2.29
396	0.87
397	1.6
398	1.55
399	1.45
400	2.01
401	1.56
402	1.35
403	1.6
404	1.17
405	1.94
406	1.08
407	1.4
408	1.17
409	0.84
410	1.13
411	1.0
412	1.48
413	1.64
414	1.82
415	1.88
416	0.91
417	2.42
418	1.93
419	1.72
420	1.93
421	1.14
422	1.01
423	1.4
424	1.11
425	2.24
426	1.27
427	1.24
428	1.91
429	1.8
430	1.47
431	1.02
432	0.45
433	0.91
434	1.32
435	0.65
436	1.84
437	0.98
438	2.13
439	2.0
440	1.09
441	1.78
442	1.65
443	1.35
444	1.21
445	1.18
446	0.99
447	1.89
448	1.84
449	1.63
450	0.93
451	1.39
452	1.38
453	2.41
454	1.02
455	1.84
456	1.05
457	1.18
458	2.08
459	1.27
460	1.22
461	1.35
462	1.37
463	1.29
464	1.75
465	1.65
466	1.75
467	1.7
468	1.55
469	1.18
470	2.42
471	1.05
472	1.55
473	1.03
474	1.5
475	1.14
476	2.34
477	1.85
478	1.13
479	0.61
480	0.66
481	1.25
482	2.27
483	1.33
484	0.87
485	1.61
486	1.86
487	1.12
488	1.18
489	1.24
490	0.93
491	1.55
492	1.74
493	1.32
494	1.78
495	2.07
496	1.96
497	0.63
498	1.85
499	1.26
500	1.71
501	1.37
502	1.6
503	1.76
504	1.1
505	0.72
506	1.4
507	1.92
508	1.06
509	1.8
510	1.95
511	0.79
512	1.56
513	2.49
514	1.1
515	1.7
516	2.04
517	0.95
518	1.25
519	1.28
520	1.34
521	1.28
522	1.44
523	1.96
524	1.77
525	1.11
526	0.54
527	1.46
528	0.93
529	2.08
530	1.79
531	1.26
532	1.74
533	1.76
534	0.84
535	1.14
536	1.17
537	1.76
538	1.07
539	1.78
540	1.7
541	2.31
542	0.56
543	1.12
544	1.34
545	1.71
546	1.31
547	1.59
548	1.83
549	1.49
550	1.4
551	1.66
552	0.72
553	1.93
554	1.38
555	2.06
556	0.96
557	1.93
558	1.96
559	1.92
560	1.23
561	1.42
562	1.62
563	2.46
564	1.58
565	1.88
566	1.93
567	1.45
568	1.81
569	1.98
570	1.78
571	1.14
572	1.12
573	1.17
574	1.71
575	2.06
576	2.18
577	1.87
578	1.16
579	0.97
580	1.0
581	1.05
582	1.0
583	1.3
584	0.99
585	1.41
586	1.51
587	1.43
588	1.96
589	1.64
590	1.78
591	1.55
592	0.38
593	2.27
594	1.21
595	1.65
596	1.25
597	1.36
598	1.59
599	1.39
600	1.2
601	1.81
602	1.56
603	1.51
604	1.23
605	1.66
606	1.25
607	1.64
608	1.11
609	1.06
610	1.27
611	2.11
612	1.06
613	1.49
614	1.18
615	1.49
616	1.63
617	1.67
618	1.61
619	1.6
620	1.12
621	1.82
622	1.48
623	1.28
624	1.33
625	1.9
626	1.06
627	1.48
628	0.73
629	1.82
630	1.58
631	1.25
632	0.88
633	1.14
634	1.14
635	0.78
636	1.53
637	0.97
638	1.86
639	2.37
640	1.38
641	1.5
642	1.52
643	0.94
644	1.53
645	1.72
646	1.53
647	1.47
648	1.08
649	1.41
650	1.49
651	1.3
652	1.23
653	1.35
654	1.4
655	1.14
656	1.53
657	1.7
658	1.57
659	1.41
660	1.23
661	1.37
662	1.69
663	1.04
664	1.36
665	1.15
666	1.01
667	1.1
668	1.14
669	1.81
670	1.37
671	0.94
672	1.73
673	1.24
674	2.02
675	0.97
676	0.65
677	1.54
678	1.97
679	1.41
680	1.23
681	1.77
682	1.66
683	0.64
684	1.25
685	1.4
686	0.91
687	0.51
688	0.58
689	1.94
690	1.51
691	1.05
692	1.64
693	1.43
694	1.14
695	0.88
696	2.1
697	2.75
698	2.01
699	1.38
700	1.58
701	1.79
702	0.78
703	1.74
704	1.49
705	1.63
706	1.68
707	1.87
708	1.58
709	0.78
710	0.93
711	1.24
712	1.44
713	1.94
714	1.4
715	1.47
716	1.52
717	1.39
718	2.02
719	1.35
720	1.13
721	0.96
722	1.17
723	0.48
724	2.04
725	1.55
726	1.41
727	1.9
728	1.24
729	1.75
730	1.93
731	1.52
732	1.73
733	1.28
734	1.75
735	0.85
736	1.25
737	1.92
738	1.25
739	1.51
740	1.0
741	1.69
742	1.23
743	1.57
744	2.02
745	1.09
746	1.4
747	0.83
748	1.68
749	1.77
750	1.57
751	1.77
752	1.62
753	2.0
754	1.41
755	1.6
756	1.94
757	1.4
758	0.8
759	2.57
760	1.2
761	1.65
762	1.31
763	1.28
764	1.32
765	2.12
766	1.51
767	0.69
768	0.95
769	1.54
770	1.31
771	1.02
772	1.39
773	1.19
774	1.49
775	1.37
776	1.83
777	1.83
778	1.36
779	1.76
780	2.01
781	2.32
782	1.27
783	2.13
784	1.4
785	1.31
786	1.9
787	1.78
788	0.42
789	1.19
790	1.3
791	1.11
792	2.26
793	1.2
794	1.07
795	1.46
796	1.78
797	1.33
798	0.95
799	0.58
800	1.29
801	1.18
802	1.85
803	1.23
804	1.36
805	0.34
806	2.07
807	1.07
808	1.46
809	0.68
810	1.76
811	1.31
812	1.24
813	1.79
814	1.45
815	1.5
816	1.4
817	1.51
818	2.45
819	1.27
820	1.66
821	1.78
822	1.25
823	1.83
824	1.63
825	1.31
826	1.42
827	0.82
828	1.43
829	2.2
830	0.9
831	2.06
832	1.54
833	1.31
834	1.81
835	1.47
836	1.54
837	0.99
838	1.76
839	1.8
840	1.26
841	0.95
842	1.84
843	2.39
844	1.38
845	2.65
846	0.6
847	0.89
848	1.8
849	1.11
850	1.77
851	1.88
852	1.88
853	1.31
854	1.48
855	1.06
856	2.03
857	1.93
858	1.69
859	0.89
860	1.37
861	0.93
862	1.86
863	0.77
864	0.88
865	1.52
866	1.13
867	1.25
868	1.48
869	1.33
870	1.34
871	1.02
872	1.28
873	1.58
874	1.84
875	1.56
876	1.72
877	1.22
878	1.19
879	1.04
880	1.86
881	0.82
882	1.17
883	0.99
884	1.21
885	1.66
886	1.33
887	1.53
888	2.26
889	1.34
890	1.29
891	1.51
892	0.98
893	1.94
894	1.33
895	1.88
896	1.52
897	1.35
898	1.22
899	2.28
900	2.17
901	1.42
902	1.49
903	2.56
904	1.33
905	1.59
906	1.53
907	1.58
908	2.53
909	1.24
910	1.27
911	0.8
912	1.47
913	1.96
914	1.53
915	1.4
916	1.04
917	1.36
918	1.25
919	0.78
920	1.84
921	1.02
922	1.61
923	1.39
924	1.74
925	1.09
926	1.84
927	0.79
928	1.39
929	0.6
930	1.89
931	2.14
932	1.17
933	0.83
934	1.72
935	1.46
936	1.21
937	0.63
938	1.61
939	1.17
940	1.46
941	0.82
942	0.84
943	2.03
944	2.11
945	1.47
946	1.59
947	1.8
948	1.37
949	1.82
950	1.31
951	1.62
952	1.5
953	1.46
954	1.39
955	1.3
956	1.46
957	1.98
958	0.99
959	2.48
960	1.49
961	1.27
962	1.32
963	1.5
964	1.6
965	1.92
966	1.93
967	1.76
968	1.09
969	0.97
970	2.01
971	1.7
972	1.96
973	1.12
974	1.99
975	1.77
976	2.17
977	2.37
978	1.18
979	1.84
980	1.12
981	1.44
982	1.3
983	1.42
984	1.35
985	0.92
986	0.7
987	1.34
988	1.41
989	1.17
990	1.09
991	1.69
992	1.43
993	1.33
994	1.78
995	1.61
996	0.97
997	0.59
998	0.93
999	1.52
1000	1.66
1001	1.44
1002	1.82
1003	1.8
1004	1.5
1005	1.15
1006	1.01
1007	1.63
1008	1.08
1009	1.22
1010	2.43
1011	1.76
1012	2.21
1013	1.38
1014	1.35
1015	1.41
1016	1.65
1017	1.24
1018	1.1
1019	1.86
1020	0.44
1021	1.63
1022	1.12
1023	1.44
1024	1.03
1025	1.88
1026	1.13
1027	1.48
1028	1.6
1029	1.62
1030	1.5
1031	1.96
1032	1.58
1033	1.95
1034	1.03
1035	2.03
1036	1.95
1037	1.97
1038	1.67
1039	0.83
1040	1.45
1041	1.19
1042	1.5
1043	2.43
1044	1.57
1045	0.7
1046	2.06
1047	1.97
1048	1.41
1049	1.69
1050	2.41
1051	1.19
1052	2.04
1053	2.04
1054	0.06
1055	0.92
1056	1.44
1057	0.88
1058	1.3
1059	1.98
1060	1.06
1061	1.58
1062	1.46
1063	1.46
1064	1.41
1065	1.08
1066	1.01
1067	1.07
1068	1.95
1069	1.38
1070	1.96
1071	1.64
1072	1.21
1073	1.62
1074	1.22
1075	1.41
1076	1.57
1077	1.3
1078	1.42
1079	1.68
1080	1.03
1081	1.2
1082	1.73
1083	1.94
1084	1.53
1085	1.03
1086	1.47
1087	1.71
1088	1.29
1089	2.29
1090	1.56
1091	1.67
1092	1.53
1093	1.61
1094	1.69
1095	0.85
1096	1.3
1097	1.42
1098	1.46
1099	1.33
1100	1.42
1101	1.4
1102	1.62
1103	0.84
1104	0.93
1105	1.59
1106	1.09
1107	1.2
1108	2.0
1109	1.47
1110	1.47
1111	1.51
1112	2.33
1113	0.83
1114	1.1
1115	0.75
1116	1.48
1117	1.58
1118	1.28
1119	1.29
1120	1.43
1121	1.39
1122	1.68
1123	1.74
1124	0.01
1125	1.12
1126	1.05
1127	0.78
1128	1.61
1129	0.07
1130	1.18
1131	1.88
1132	2.04
1133	1.7
1134	1.42
1135	1.91
1136	0.89
1137	2.26
1138	1.56
1139	2.08
1140	2.01
1141	1.65
1142	0.87
1143	0.91
1144	1.27
1145	0.75
1146	1.28
1147	1.67
1148	1.91
1149	1.63
1150	1.66
1151	1.53
1152	1.17
1153	0.67
1154	0.87
1155	1.75
1156	1.56
1157	0.74
1158	0.71
1159	1.3
1160	1.47
1161	0.9
1162	1.39
1163	1.57
1164	1.19
1165	1.15
1166	1.39
1167	1.4
1168	0.98
1169	1.44
1170	1.49
1171	2.16
1172	1.22
1173	1.53
1174	1.38
1175	1.37
1176	1.34
1177	1.72
1178	1.89
1179	0.8
1180	1.51
1181	1.34
1182	0.43
1183	1.48
1184	0.74
1185	1.62
1186	1.62
1187	2.41
1188	1.75
1189	2.28
1190	1.43
1191	0.84
1192	1.53
1193	1.22
1194	0.76
1195	1.01
1196	1.49
1197	1.46
1198	1.47
1199	0.97
1200	1.5
1201	1.96
1202	1.41
1203	1.75
1204	0.89
1205	0.72
1206	1.05
1207	1.79
1208	1.04
1209	0.93
1210	1.52
1211	1.44
1212	1.59
1213	1.15
1214	1.66
1215	1.68
1216	1.38
1217	0.84
1218	2.0
1219	1.78
1220	1.71
1221	1.56
1222	2.03
1223	1.94
1224	1.26
1225	2.28
1226	0.95
1227	1.62
1228	1.54
1229	1.53
1230	1.48
1231	1.59
1232	1.27
1233	1.52
1234	1.67
1235	2.1
1236	2.15
1237	0.82
1238	1.38
1239	1.48
1240	1.18
1241	1.9
1242	1.57
1243	1.35
1244	1.58
1245	0.76
1246	1.67
1247	1.71
1248	1.28
1249	1.0
1250	1.76
1251	1.7
1252	1.17
1253	1.49
1254	0.92
1255	1.31
1256	1.4
1257	2.37
1258	1.69
1259	1.04
1260	1.61
1261	1.55
1262	1.6
1263	1.69
1264	1.19
1265	1.72
1266	1.14
1267	1.92
1268	0.61
1269	0.81
1270	1.16
1271	0.92
1272	1.11
1273	2.11
1274	0.86
1275	1.29
1276	2.05
1277	1.21
1278	0.29
1279	1.06
1280	1.2
1281	1.39
1282	1.03
1283	0.95
1284	1.22
1285	1.57
1286	0.88
1287	1.46
1288	1.75
1289	1.01
1290	1.62
1291	2.07
1292	1.81
1293	1.31
1294	1.4
1295	1.26
1296	1.67
1297	1.93
1298	1.75
1299	1.65
1300	1.75
1301	1.67
1302	1.66
1303	0.99
1304	1.38
1305	1.54
1306	1.56
1307	1.87
1308	1.9
1309	1.52
1310	2.32
1311	1.34
1312	2.1
1313	1.32
1314	1.15
1315	1.61
1316	1.04
1317	1.3
1318	0.64
1319	1.64
1320	1.45
1321	1.43
1322	1.85
1323	1.48
1324	0.85
1325	1.17
1326	0.64
1327	1.62
1328	1.16
1329	1.21
1330	1.24
1331	1.59
1332	1.47
1333	1.6
1334	1.57
1335	2.15
1336	1.3
1337	1.58
1338	1.01
1339	0.91
1340	1.64
1341	1.68
1342	1.33
1343	1.33
1344	1.35
1345	1.78
1346	1.42
1347	1.34
1348	1.95
1349	1.35
1350	1.38
1351	1.34
1352	1.02
1353	1.7
1354	1.87
1355	1.97
1356	1.7
1357	0.97
1358	1.33
1359	2.01
1360	2.11
1361	1.68
1362	2.27
1363	1.38
1364	2.26
1365	0.65
1366	1.39
1367	1.48
1368	1.32
1369	1.02
1370	1.55
1371	2.04
1372	2.06
1373	1.26
1374	1.28
1375	0.87
1376	1.6
1377	0.97
1378	0.85
1379	2.06
1380	1.1
1381	1.43
1382	1.67
1383	0.84
1384	1.15
1385	1.52
1386	1.67
1387	2.38
1388	1.4
1389	1.66
1390	1.51
1391	1.39
1392	1.7
1393	1.05
1394	1.72
1395	1.49
1396	1.03
1397	0.91
1398	1.69
1399	1.49
1400	1.4
1401	1.6
1402	1.6
1403	1.88
1404	2.02
1405	1.27
1406	1.65
1407	2.38
1408	1.62
1409	1.44
1410	1.0
1411	1.99
1412	1.08
1413	1.39
1414	1.99
1415	0.93
1416	2.26
1417	1.17
1418	1.19
1419	0.9
1420	1.5
1421	1.31
1422	0.91
1423	1.88
1424	2.17
1425	1.92
1426	1.4
1427	1.35
1428	1.69
1429	1.37
1430	1.55
1431	2.02
1432	1.45
1433	0.9
1434	1.3
1435	1.84
1436	1.91
1437	1.27
1438	1.1
1439	1.23
1440	1.65
1441	1.79
1442	1.44
1443	1.61
1444	0.76
1445	1.26
1446	1.12
1447	1.57
1448	1.42
1449	1.75
1450	1.22
1451	1.72
1452	2.03
1453	1.49
1454	0.46
1455	0.99
1456	1.94
1457	1.65
1458	1.21
1459	1.51
1460	0.73
1461	1.2
1462	1.31
1463	1.72
1464	1.23
1465	1.0
1466	1.47
1467	1.11
1468	2.19
1469	1.57
1470	1.01
1471	2.21
1472	1.12
1473	1.85
1474	1.16
1475	1.26
1476	1.54
1477	1.49
1478	1.85
1479	1.87
1480	1.65
1481	1.19
1482	1.51
1483	1.84
1484	1.05
1485	1.17
1486	2.07
1487	1.21
1488	1.58
1489	1.25
1490	0.63
1491	2.39
1492	1.89
1493	1.72
1494	1.31
1495	1.27
1496	1.86
1497	1.83
1498	1.33
1499	2.26
1500	1.69
1501	0.83
1502	1.29
1503	0.41
1504	1.72
1505	1.49
1506	1.84
1507	0.86
1508	1.91
1509	1.91
1510	2.06
1511	1.08
1512	1.86
1513	0.48
1514	1.79
1515	1.85
1516	1.4
1517	1.04
1518	0.75
1519	1.69
1520	1.19
1521	0.91
1522	1.39
1523	1.28
1524	0.86
1525	1.14
1526	1.63
1527	1.39
1528	1.51
1529	1.34
1530	1.68
1531	1.42
1532	0.98
1533	2.12
1534	1.42
1535	1.78
1536	1.26
1537	0.98
1538	2.02
1539	1.34
1540	1.28
1541	0.74
1542	1.17
1543	1.59
1544	1.19
1545	1.22
1546	1.53
1547	1.43
1548	1.04
1549	1.55
1550	1.09
1551	1.93
1552	1.86
1553	1.59
1554	0.76
1555	2.41
1556	0.98
1557	2.12
1558	1.26
1559	1.32
1560	1.32
1561	1.55
1562	0.75
1563	1.43
1564	1.58
1565	0.75
1566	1.55
1567	1.35
1568	1.75
1569	1.72
1570	1.75
1571	1.06
1572	1.85
1573	1.43
1574	1.54
1575	1.93
1576	1.3
1577	0.7
1578	1.33
1579	1.45
1580	1.37
1581	1.55
1582	1.73
1583	1.81
1584	1.65
1585	0.82
1586	1.31
1587	1.37
1588	1.6
1589	1.21
1590	1.49
1591	1.1
1592	1.75
1593	1.25
1594	1.43
1595	1.25
1596	1.28
1597	1.53
1598	0.86
1599	1.63
1600	2.21
1601	1.7
1602	1.05
1603	1.73
1604	1.45
1605	1.33
1606	1.45
1607	0.64
1608	1.49
1609	1.56
1610	0.97
1611	1.34
1612	2.27
1613	1.56
1614	1.18
1615	1.8
1616	0.98
1617	1.35
1618	1.97
1619	1.71
1620	1.57
1621	0.68
1622	1.81
1623	2.22
1624	1.54
1625	2.75
1626	1.11
1627	1.68
1628	0.96
1629	2.43
1630	1.57
1631	1.11
1632	1.51
1633	2.1
1634	0.76
1635	1.2
1636	1.94
1637	1.37
1638	1.76
1639	1.22
1640	1.4
1641	1.31
1642	1.84
1643	1.69
1644	1.53
1645	0.88
1646	1.03
1647	2.13
1648	2.24
1649	1.17
1650	1.28
1651	1.4
1652	1.55
1653	1.51
1654	1.63
1655	1.47
1656	1.1
1657	2.27
1658	2.08
1659	1.77
1660	2.39
1661	1.21
1662	1.76
1663	0.39
1664	1.54
1665	0.26
1666	1.27
1667	1.51
1668	1.04
1669	1.4
1670	1.4
1671	1.97
1672	1.39
1673	1.16
1674	1.76
1675	1.52
1676	1.31
1677	1.02
1678	1.84
1679	1.69
1680	0.88
1681	1.92
1682	1.99
1683	1.34
1684	1.36
1685	1.05
1686	1.77
1687	1.06
1688	1.44
1689	1.6
1690	1.91
1691	0.79
1692	2.34
1693	1.93
1694	0.95
1695	1.47
1696	2.01
1697	1.26
1698	1.54
1699	1.09
1700	0.56
1701	1.4
1702	1.45
1703	0.84
1704	1.01
1705	2.16
1706	1.04
1707	1.43
1708	1.59
1709	1.62
1710	0.81
1711	1.23
1712	2.09
1713	1.39
1714	1.72
1715	0.85
1716	1.61
1717	1.21
1718	1.23
1719	1.37
1720	1.44
1721	1.96
1722	1.63
1723	2.0
1724	1.21
1725	1.31
1726	0.87
1727	0.67
1728	1.71
1729	1.75
1730	0.55
1731	1.91
1732	0.97
1733	1.47
1734	1.51
1735	0.81
1736	2.22
1737	0.95
1738	1.04
1739	1.81
1740	0.95
1741	1.24
1742	0.87
1743	0.96
1744	1.64
1745	1.58
1746	1.51
1747	1.51
1748	1.8
1749	1.18
1750	1.36
1751	1.74
1752	0.5
1753	2.18
1754	1.75
1755	1.37
1756	1.4
1757	1.82
1758	0.86
1759	1.01
1760	1.5
1761	1.49
1762	1.76
1763	1.48
1764	1.39
1765	1.83
1766	0.86
1767	1.32
1768	0.88
1769	1.66
1770	1.37
1771	0.58
1772	1.76
1773	1.57
1774	1.07
1775	1.97
1776	1.02
1777	1.08
1778	1.73
1779	1.66
1780	1.86
1781	1.75
1782	2.43
1783	1.37
1784	1.41
1785	1.63
1786	1.71
1787	2.06
1788	2.15
1789	1.57
1790	1.16
1791	1.53
1792	1.32
1793	0.4
1794	0.58
1795	1.82
1796	1.98
1797	1.41
1798	1.15
1799	0.97
1800	1.2
1801	1.26
1802	0.96
1803	1.89
1804	1.31
1805	2.33
1806	1.25
1807	0.96
1808	0.76
1809	1.87
1810	1.64
1811	1.64
1812	1.15
1813	2.17
1814	1.04
1815	1.18
1816	2.3
1817	1.64
1818	1.63
1819	1.58
1820	1.46
1821	1.87
1822	1.75
1823	2.07
1824	1.09
1825	1.4
1826	0.86
1827	1.08
1828	1.11
1829	1.74
1830	1.64
1831	0.79
1832	1.15
1833	1.19
1834	1.17
1835	0.87
1836	1.64
1837	1.0
1838	1.71
1839	1.45
1840	1.45
1841	1.4
1842	1.12
1843	1.4
1844	1.32
1845	1.2
1846	1.08
1847	1.7
1848	1.11
1849	1.66
1850	2.14
1851	1.33
1852	1.48
1853	1.83
1854	1.55
1855	1.77
1856	1.05
1857	1.47
1858	0.82
1859	1.26
1860	1.18
1861	0.92
1862	1.52
1863	1.99
1864	2.09
1865	1.93
1866	1.72
1867	1.89
1868	0.68
1869	2.24
1870	1.24
1871	1.51
1872	2.56
1873	1.51
1874	1.65
1875	1.62
1876	1.78
1877	0.7
1878	1.52
1879	1.61
1880	0.91
1881	1.73
1882	1.16
1883	1.43
1884	2.09
1885	2.28
1886	1.51
1887	1.92
1888	1.21
1889	0.83
1890	0.92
1891	1.21
1892	1.38
1893	1.09
1894	1.12
1895	2.28
1896	1.7
1897	1.57
1898	1.73
1899	1.28
1900	2.43
1901	0.85
1902	0.9
1903	1.44
1904	1.4
1905	1.74
1906	1.39
1907	1.63
1908	1.39
1909	1.43
1910	1.39
1911	1.86
1912	1.56
1913	0.73
1914	1.37
1915	1.41
1916	1.23
1917	2.11
1918	2.32
1919	1.36
1920	1.34
1921	1.91
1922	1.45
1923	1.88
1924	1.56
1925	1.7
1926	1.12
1927	1.74
1928	1.28
1929	0.86
1930	1.08
1931	1.57
1932	1.49
1933	0.85
1934	1.09
1935	1.18
1936	1.47
1937	1.77
1938	1.61
1939	1.69
1940	0.99
1941	1.35
1942	1.24
1943	1.51
1944	1.83
1945	0.71
1946	0.89
1947	1.43
1948	0.8
1949	1.05
1950	1.65
1951	1.55
1952	1.13
1953	1.51
1954	1.82
1955	1.42
1956	1.41
1957	1.82
1958	1.25
1959	1.34
1960	1.68
1961	1.74
1962	0.69
1963	1.35
1964	1.38
1965	1.26
1966	1.76
1967	1.86
1968	1.69
1969	1.72
1970	1.2
1971	1.29
1972	0.63
1973	1.41
1974	0.51
1975	1.49
1976	2.63
1977	1.13
1978	2.35
1979	1.85
1980	1.31
1981	0.56
1982	0.91
1983	1.63
1984	1.82
1985	1.21
1986	2.21
1987	1.46
1988	0.93
1989	1.17
1990	0.72
1991	2.13
1992	0.53
1993	1.41
1994	1.55
1995	1.9
1996	1.13
1997	1.86
1998	1.66
1999	1.12
2000	1.74
2001	1.46
2002	0.97
2003	0.6
2004	1.61
2005	0.89
2006	1.31
2007	1.61
2008	1.0
2009	1.11
2010	1.47
2011	1.37
2012	1.54
2013	1.34
2014	1.6
2015	1.24
2016	1.63
2017	1.28
2018	1.34
2019	1.28
2020	1.39
2021	1.2
2022	1.17
2023	1.33
2024	1.6
2025	2.24
2026	1.38
2027	1.23
2028	1.65
2029	1.16
2030	2.29
2031	1.25
2032	0.87
2033	1.35
2034	1.69
2035	0.88
2036	1.29
2037	1.06
2038	1.04
2039	1.47
2040	1.8
2041	1.28
2042	1.0
2043	1.96
2044	1.51
2045	1.11
2046	1.64
2047	1.22
2048	0.93
2049	1.29
2050	1.55
2051	1.89
2052	1.66
2053	1.39
2054	1.1
2055	1.38
2056	1.22
2057	1.03
2058	1.29
2059	0.63
2060	1.08
2061	1.13
2062	1.43
2063	1.69
2064	1.75
2065	0.91
2066	1.89
2067	1.66
2068	1.61
2069	1.82
2070	0.87
2071	2.15
2072	1.39
2073	1.26
2074	1.88
2075	1.92
2076	1.29
2077	1.51
2078	1.38
2079	1.8
2080	1.73
2081	1.24
2082	1.35
2083	1.32
2084	1.44
2085	1.75
2086	1.09
2087	1.69
2088	1.95
2089	1.16
2090	1.34
2091	0.81
2092	1.44
2093	1.81
2094	1.8
2095	1.88
2096	1.05
2097	1.95
2098	2.27
2099	1.59
2100	1.39
2101	0.72
2102	1.17
2103	2.4
2104	1.58
2105	1.0
2106	1.61
2107	1.6
2108	1.32
2109	1.53
2110	2.79
2111	1.36
2112	1.69
2113	1.44
2114	1.23
2115	2.2
2116	1.24
2117	1.06
2118	1.25
2119	1.71
2120	1.02
2121	1.32
2122	1.71
2123	0.71
2124	1.44
2125	1.05
2126	1.54
2127	1.12
2128	0.55
2129	1.6
2130	1.39
2131	1.94
2132	1.71
2133	1.87
2134	2.43
2135	2.26
2136	1.45
2137	1.61
2138	1.29
2139	1.42
2140	1.26
2141	1.29
2142	1.18
2143	1.83
2144	1.24
2145	2.02
2146	1.6
2147	1.12
2148	1.7
2149	1.21
2150	0.46
2151	1.37
2152	1.28
2153	2.05
2154	0.47
2155	1.08
2156	0.79
2157	1.78
2158	1.41
2159	1.48
2160	2.19
2161	1.28
2162	1.32
2163	1.0
2164	1.55
2165	1.25
2166	1.74
2167	1.42
2168	1.84
2169	1.72
2170	1.29
2171	0.87
2172	0.81
2173	2.27
2174	1.08
2175	0.98
2176	0.77
2177	1.95
2178	1.44
2179	0.89
2180	0.86
2181	1.85
2182	1.47
2183	1.89
2184	1.28
2185	1.88
2186	1.08
2187	1.37
2188	1.94
2189	1.29
2190	1.87
2191	2.13
2192	1.38
2193	0.96
2194	1.26
2195	0.45
2196	1.89
2197	0.64
2198	1.42
2199	1.16
2200	2.11
2201	1.76
2202	1.55
2203	1.03
2204	2.24
2205	2.27
2206	1.57
2207	1.91
2208	1.57
2209	1.09
2210	0.94
2211	1.21
2212	0.8
2213	2.42
2214	1.14
2215	1.62
2216	1.29
2217	1.71
2218	1.76
2219	1.32
2220	1.8
2221	1.23
2222	0.93
2223	2.04
2224	1.06
2225	1.6
2226	1.57
2227	1.35
2228	0.94
2229	0.9
2230	1.46
2231	0.71
2232	1.0
2233	1.57
2234	1.9
2235	1.05
2236	1.38
2237	2.17
2238	0.89
2239	1.36
2240	1.72
2241	1.28
2242	1.46
2243	0.86
2244	0.76
2245	1.66
2246	1.43
2247	1.89
2248	1.46
2249	1.37
2250	1.77
2251	1.79
2252	1.73
2253	0.96
2254	1.86
2255	1.28
2256	1.1
2257	1.51
2258	2.05
2259	1.14
2260	1.54
2261	1.37
2262	1.91
2263	2.01
2264	1.1
2265	2.27
2266	2.22
2267	2.02
2268	1.35
2269	1.93
2270	1.34
2271	1.38
2272	2.26
2273	1.19
2274	1.57
2275	2.24
2276	0.58
2277	0.72
2278	1.29
2279	1.23
2280	1.39
2281	0.96
2282	0.89
2283	1.02
2284	1.01
2285	1.98
2286	1.08
2287	1.36
2288	1.62
2289	1.66
2290	1.58
2291	1.8
2292	1.95
2293	1.89
2294	1.61
2295	0.77
2296	0.94
2297	0.93
2298	1.36
2299	1.14
2300	1.7
2301	1.64
2302	1.02
2303	1.85
2304	1.38
2305	2.23
2306	1.62
2307	2.31
2308	2.02
2309	1.16
2310	2.21
2311	1.52
2312	1.8
2313	1.13
2314	1.65
2315	1.05
2316	1.96
2317	1.17
2318	1.63
2319	1.55
2320	1.65
2321	1.39
2322	1.79
2323	0.94
2324	0.95
2325	1.26
2326	1.79
2327	1.67
2328	1.63
2329	1.14
2330	0.91
2331	1.89
2332	1.46
2333	2.32
2334	1.65
2335	1.62
2336	1.78
2337	0.58
2338	1.48
2339	1.56
2340	0.71
2341	1.3
2342	1.05
2343	1.47
2344	0.44
2345	1.68
2346	1.98
2347	1.9
2348	2.27
2349	1.87
2350	1.78
2351	1.85
2352	1.35
2353	0.96
2354	0.76
2355	1.3
2356	0.73
2357	1.41
2358	0.86
2359	1.34
2360	2.02
2361	1.29
2362	2.02
2363	1.79
2364	1.45
2365	1.37
2366	0.67
2367	0.86
2368	1.44
2369	1.66
2370	1.43
2371	1.58
2372	1.92
2373	1.69
2374	1.68
2375	1.14
2376	1.27
2377	1.19
2378	1.36
2379	1.97
2380	1.94
2381	1.49
2382	0.93
2383	1.74
2384	1.49
2385	0.82
2386	1.23
2387	1.22
2388	1.33
2389	1.24
2390	2.37
2391	1.96
2392	1.21
2393	1.37
2394	1.87
2395	1.23
2396	0.64
2397	1.19
2398	1.58
2399	1.64
2400	1.58
2401	1.11
2402	1.34
2403	1.98
2404	1.24
2405	1.1
2406	1.68
2407	1.3
2408	2.22
2409	1.94
2410	2.41
2411	1.11
2412	1.63
2413	1.56
2414	1.91
2415	1.81
2416	1.58
2417	1.31
2418	0.94
2419	1.58
2420	1.1
2421	0.82
2422	0.92
2423	1.37
2424	1.39
2425	1.42
2426	1.5
2427	1.74
2428	1.3
2429	1.36
2430	1.7
2431	1.58
2432	1.71
2433	0.94
2434	1.45
2435	0.87
2436	1.32
2437	1.08
2438	1.52
2439	1.53
2440	1.58
2441	2.27
2442	0.75
2443	1.88
2444	1.7
2445	1.18
2446	1.07
2447	1.72
2448	1.47
2449	2.27
2450	2.45
2451	1.65
2452	1.45
2453	0.88
2454	1.76
2455	1.1
2456	1.47
2457	2.02
2458	1.31
2459	1.49
2460	1.96
2461	0.88
2462	0.64
2463	0.7
2464	0.88
2465	1.71
2466	2.47
2467	1.71
2468	1.39
2469	1.33
2470	1.76
2471	1.12
2472	1.44
2473	1.48
2474	2.27
2475	1.83
2476	1.38
2477	1.35
2478	1.55
2479	1.7
2480	0.97
2481	1.43
2482	1.5
2483	1.09
2484	1.44
2485	1.0
2486	1.27
2487	1.34
2488	2.03
2489	2.07
2490	2.46
2491	2.13
2492	2.19
2493	0.82
2494	0.29
2495	1.76
2496	1.31
2497	1.1
2498	0.91
2499	1.62
2500	1.61
2501	1.17
2502	1.05
2503	1.7
2504	1.85
2505	1.54
2506	1.43
2507	1.47
2508	1.51
2509	1.95
2510	1.5
2511	1.21
2512	1.32
2513	1.43
2514	1.49
2515	1.46
2516	1.76
2517	1.8
2518	1.19
2519	1.11
2520	1.31
2521	1.57
2522	0.95
2523	1.45
2524	1.42
2525	1.59
2526	1.13
2527	2.17
2528	1.59
2529	1.35
2530	1.42
2531	1.53
2532	0.94
2533	1.0
2534	1.63
2535	1.11
2536	1.49
2537	1.58
2538	1.32
2539	2.13
2540	1.19
2541	1.56
2542	1.24
2543	1.41
2544	1.11
2545	0.79
2546	1.83
2547	1.46
2548	1.62
2549	1.58
2550	1.08
2551	1.24
2552	1.41
2553	1.91
2554	1.31
2555	1.37
2556	0.59
2557	0.94
2558	1.65
2559	1.41
2560	1.46
2561	1.33
2562	1.4
2563	0.99
2564	2.36
2565	1.56
2566	1.83
2567	1.84
2568	1.66
2569	1.42
2570	1.22
2571	1.39
2572	1.58
2573	1.47
2574	1.14
2575	1.84
2576	1.52
2577	0.67
2578	1.78
2579	2.14
2580	1.48
2581	0.99
2582	1.19
2583	1.85
2584	1.36
2585	1.25
2586	1.21
2587	1.53
2588	1.14
2589	1.47
2590	0.9
2591	0.96
2592	1.2
2593	1.9
2594	1.26
2595	1.54
2596	1.87
2597	1.38
2598	1.03
2599	1.08
2600	2.12
2601	1.03
2602	1.34
2603	1.69
2604	0.91
2605	0.98
2606	1.74
2607	2.2
2608	1.5
2609	0.63
2610	1.36
2611	1.36
2612	1.62
2613	1.69
2614	1.08
2615	1.46
2616	1.0
2617	1.71
2618	0.96
2619	1.89
2620	1.57
2621	1.58
2622	2.45
2623	1.96
2624	1.42
2625	1.15
2626	1.12
2627	1.07
2628	1.36
2629	1.65
2630	1.47
2631	1.23
2632	1.7
2633	2.16
2634	1.76
2635	1.19
2636	1.1
2637	1.55
2638	1.71
2639	1.74
2640	2.11
2641	1.18
2642	0.6
2643	1.24
2644	1.58
2645	1.34
2646	1.68
2647	1.49
2648	0.95
2649	1.67
2650	1.44
2651	0.64
2652	1.79
2653	1.72
2654	1.12
2655	1.55
2656	1.15
2657	1.76
2658	2.01
2659	0.66
2660	1.0
2661	1.58
2662	1.86
2663	1.33
2664	1.43
2665	1.51
2666	1.44
2667	1.63
2668	1.04
2669	2.02
2670	2.17
2671	1.76
2672	0.9
2673	1.51
2674	1.94
2675	1.58
2676	1.78
2677	1.49
2678	1.81
2679	0.47
2680	1.72
2681	1.65
2682	1.66
2683	1.76
2684	1.41
2685	1.49
2686	1.89
2687	1.11
2688	1.2
2689	1.57
2690	1.23
2691	2.0
2692	1.62
2693	1.63
2694	1.34
2695	1.52
2696	1.37
2697	2.21
2698	1.53
2699	1.47
2700	1.68
2701	1.27
2702	1.32
2703	1.81
2704	1.3
2705	1.66
2706	0.71
2707	1.94
2708	1.11
2709	2.12
2710	1.6
2711	1.75
2712	0.78
2713	1.72
2714	1.83
2715	1.48
2716	1.41
2717	0.78
2718	1.64
2719	1.36
2720	1.62
2721	1.07
2722	1.44
2723	0.94
2724	2.15
2725	1.73
2726	1.71
2727	1.72
2728	1.53
2729	1.67
2730	0.82
2731	1.66
2732	1.37
2733	1.79
2734	1.28
2735	1.42
2736	2.32
2737	1.06
2738	1.26
2739	1.95
2740	1.59
2741	1.33
2742	1.88
2743	1.09
2744	1.44
2745	1.66
2746	1.61
2747	2.11
2748	1.65
2749	1.18
2750	1.53
2751	1.15
2752	1.02
2753	1.1
2754	1.34
2755	0.85
2756	2.07
2757	2.01
2758	2.0
2759	1.29
2760	1.26
2761	1.26
2762	0.71
2763	1.83
2764	1.73
2765	1.07
2766	1.27
2767	1.67
2768	1.34
2769	1.18
2770	1.1
2771	0.36
2772	1.6
2773	1.52
2774	1.44
2775	1.59
2776	0.84
2777	2.4
2778	1.1
2779	2.4
2780	1.63
2781	1.07
2782	1.99
2783	1.6
2784	2.06
2785	1.62
2786	0.99
2787	1.33
2788	1.5
2789	1.05
2790	1.64
2791	1.02
2792	1.52
2793	1.66
2794	1.22
2795	1.53
2796	0.98
2797	1.52
2798	1.65
2799	0.27
2800	1.02
2801	0.8
2802	1.43
2803	1.21
2804	1.58
2805	1.15
2806	0.9
2807	1.98
2808	2.26
2809	1.86
2810	1.48
2811	1.75
2812	1.22
2813	1.55
2814	1.91
2815	0.88
2816	1.84
2817	1.76
2818	0.54
2819	1.83
2820	1.22
2821	0.99
2822	2.07
2823	1.69
2824	1.73
2825	1.71
2826	1.07
2827	1.1
2828	1.06
2829	1.15
2830	1.03
2831	1.64
2832	0.83
2833	1.48
2834	1.68
2835	1.88
2836	1.86
2837	1.63
2838	1.23
2839	2.0
2840	1.3
2841	1.48
2842	1.89
2843	2.06
2844	1.53
2845	1.39
2846	1.39
2847	1.59
2848	1.06
2849	1.54
2850	1.02
2851	0.74
2852	0.67
2853	1.12
2854	0.67
2855	0.83
2856	1.43
2857	1.12
2858	1.93
2859	1.63
2860	1.63
2861	1.94
2862	1.37
2863	1.61
2864	1.49
2865	1.61
2866	1.47
2867	1.1
2868	2.31
2869	1.91
2870	1.51
2871	1.18
2872	1.67
2873	1.96
2874	0.96
2875	1.22
2876	1.74
2877	1.63
2878	1.48
2879	1.63
2880	1.4
2881	1.12
2882	1.74
2883	1.7
2884	1.37
2885	1.08
2886	1.36
2887	1.28
2888	1.65
2889	1.87
2890	1.73
2891	1.59
2892	1.57
2893	1.37
2894	1.44
2895	1.28
2896	1.26
2897	1.8
2898	1.09
2899	1.99
2900	1.31
2901	1.43
2902	1.46
2903	2.36
2904	1.43
2905	2.49
2906	1.43
2907	1.03
2908	1.26
2909	1.54
2910	1.66
2911	2.01
2912	0.92
2913	0.79
2914	1.95
2915	1.44
2916	1.81
2917	1.0
2918	0.89
2919	1.6
2920	1.35
2921	1.0
2922	0.85
2923	1.83
2924	1.75
2925	1.93
2926	1.67
2927	1.57
2928	0.93
2929	1.74
2930	0.68
2931	2.11
2932	1.68
2933	0.97
2934	1.32
2935	1.71
2936	1.19
2937	1.18
2938	1.75
2939	0.97
2940	2.91
2941	1.15
2942	1.29
2943	1.27
2944	1.37
2945	1.51
2946	1.63
2947	0.15
2948	1.49
2949	1.68
2950	1.64
2951	1.14
2952	1.14
2953	1.74
2954	1.66
2955	0.86
2956	0.72
2957	1.17
2958	1.6
2959	1.21
2960	0.68
2961	1.68
2962	1.28
2963	2.24
2964	1.47
2965	1.14
2966	1.61
2967	1.38
2968	2.53
2969	1.59
2970	1.77
2971	1.66
2972	1.92
2973	1.56
2974	0.71
2975	1.9
2976	1.34
2977	0.81
2978	1.6
2979	1.67
2980	1.16
2981	1.06
2982	1.97
2983	1.52
2984	1.06
2985	2.21
2986	0.87
2987	1.49
2988	1.35
2989	1.32
2990	1.01
2991	2.05
2992	1.47
2993	1.06
2994	1.71
2995	1.09
2996	1.36
2997	1.08
2998	1.33
2999	1.63
3000	1.23
3001	1.57
3002	1.77
3003	0.44
3004	1.57
3005	1.54
3006	1.1
3007	2.47
3008	1.42
3009	2.08
3010	1.54
3011	1.83
3012	1.33
3013	1.41
3014	0.59
3015	1.35
3016	1.89
3017	0.8
3018	2.18
3019	2.1
3020	1.55
3021	1.13
3022	1.65
3023	1.54
3024	1.3
3025	2.04
3026	1.29
3027	1.72
3028	1.4
3029	1.21
3030	1.9
3031	1.92
3032	0.99
3033	2.62
3034	1.58
3035	1.26
3036	1.68
3037	0.54
3038	1.56
3039	1.64
3040	2.24
3041	1.58
3042	1.83
3043	0.9
3044	2.07
3045	2.2
3046	1.57
3047	1.76
3048	1.5
3049	0.83
3050	0.8
3051	1.15
3052	1.76
3053	1.15
3054	0.95
3055	1.83
3056	1.56
3057	1.09
3058	1.62
3059	1.44
3060	2.06
3061	1.76
3062	0.9
3063	1.7
3064	1.83
3065	1.56
3066	1.27
3067	0.58
3068	1.44
3069	1.25
3070	1.22
3071	1.4
3072	1.21
3073	0.99
3074	1.38
3075	1.43
3076	1.23
3077	1.94
3078	2.24
3079	2.34
3080	1.48
3081	1.56
3082	2.25
3083	1.35
3084	1.72
3085	0.95
3086	1.02
3087	1.24
3088	1.09
3089	0.63
3090	0.87
3091	1.34
3092	1.26
3093	1.31
3094	1.64
3095	1.53
3096	1.47
3097	1.82
3098	0.88
3099	1.38
3100	1.25
3101	1.5
3102	1.76
3103	1.44
3104	1.95
3105	1.49
3106	1.36
3107	1.61
3108	1.65
3109	1.02
3110	1.44
3111	1.18
3112	1.58
3113	1.43
3114	1.21
3115	2.23
3116	1.8
3117	1.36
3118	1.39
3119	1.04
3120	1.38
3121	0.73
3122	1.6
3123	2.0
3124	1.01
3125	1.93
3126	2.14
3127	1.48
3128	1.87
3129	1.35
3130	1.72
3131	1.3
3132	1.89
3133	1.16
3134	1.13
3135	1.11
3136	1.92
3137	1.51
3138	1.74
3139	0.89
3140	1.91
3141	1.79
3142	1.11
3143	1.67
3144	1.16
3145	1.28
3146	1.5
3147	1.8
3148	1.22
3149	1.73
3150	0.59
3151	1.68
3152	1.57
3153	1.66
3154	2.23
3155	1.96
3156	0.92
3157	2.27
3158	0.76
3159	1.4
3160	1.23
3161	1.34
3162	1.69
3163	1.93
3164	1.49
3165	0.62
3166	1.24
3167	1.43
3168	1.65
3169	1.04
3170	1.19
3171	2.35
3172	1.59
3173	1.15
3174	1.36
3175	0.68
3176	1.42
3177	0.95
3178	1.33
3179	1.43
3180	1.37
3181	2.32
3182	2.15
3183	1.59
3184	1.97
3185	1.95
3186	1.91
3187	1.7
3188	1.56
3189	1.79
3190	1.29
3191	1.07
3192	1.44
3193	1.35
3194	1.76
3195	1.36
3196	1.86
3197	1.62
3198	1.75
3199	1.46
3200	0.92
3201	1.55
3202	1.5
3203	1.44
3204	1.07
3205	1.75
3206	1.11
3207	1.73
3208	0.98
3209	1.3
3210	1.09
3211	1.47
3212	1.96
3213	1.46
3214	1.65
3215	2.06
3216	2.09
3217	1.51
3218	0.54
3219	1.37
3220	2.43
3221	1.59
3222	1.2
3223	1.51
3224	2.38
3225	1.14
3226	1.05
3227	0.69
3228	1.44
3229	1.2
3230	1.96
3231	1.26
3232	2.08
3233	1.02
3234	1.13
3235	1.17
3236	1.63
3237	2.13
3238	1.6
3239	1.55
3240	2.01
3241	1.25
3242	1.92
3243	1.53
3244	1.47
3245	1.97
3246	1.39
3247	1.43
3248	1.26
3249	0.89
3250	1.11
3251	1.4
3252	0.81
3253	1.61
3254	1.86
3255	1.64
3256	1.97
3257	1.74
3258	1.63
3259	1.71
3260	1.1
3261	1.59
3262	1.64
3263	1.01
3264	1.51
3265	1.35
3266	1.94
3267	1.53
3268	1.85
3269	1.47
3270	2.07
3271	1.0
3272	1.01
3273	1.64
3274	1.62
3275	1.37
3276	1.88
3277	1.17
3278	1.65
3279	1.01
3280	1.23
3281	1.81
3282	1.39
3283	0.56
3284	1.46
3285	1.51
3286	1.73
3287	0.9
3288	1.8
3289	1.39
3290	1.08
3291	1.41
3292	1.54
3293	1.38
3294	1.88
3295	1.49
3296	1.68
3297	1.7
3298	2.01
3299	1.95
3300	2.21
3301	1.0
3302	1.59
3303	1.5
3304	0.97
3305	0.84
3306	0.9
3307	1.53
3308	1.14
3309	1.82
3310	1.6
3311	1.45
3312	1.63
3313	1.5
3314	0.83
3315	1.62
3316	1.41
3317	1.35
3318	1.96
3319	0.81
3320	2.3
3321	1.32
3322	1.31
3323	0.8
3324	2.02
3325	1.82
3326	1.29
3327	0.85
3328	1.62
3329	1.56
3330	1.74
3331	1.37
3332	1.59
3333	1.46
3334	1.3
3335	1.18
3336	1.93
3337	1.17
3338	0.87
3339	1.93
3340	1.11
3341	1.0
3342	1.57
3343	1.38
3344	1.48
3345	1.11
3346	1.49
3347	1.62
3348	1.16
3349	1.54
3350	1.68
3351	1.78
3352	1.34
3353	1.46
3354	1.34
3355	1.27
3356	1.8
3357	0.67
3358	1.6
3359	2.64
3360	1.78
3361	1.28
3362	1.22
3363	1.6
3364	1.11
3365	1.65
3366	0.96
3367	1.86
3368	1.04
3369	0.87
3370	1.69
3371	1.36
3372	1.3
3373	0.95
3374	1.74
3375	2.49
3376	1.57
3377	1.37
3378	1.31
3379	1.82
3380	1.46
3381	1.34
3382	1.75
3383	0.9
3384	1.72
3385	1.96
3386	1.78
3387	1.36
3388	1.72
3389	0.95
3390	2.09
3391	1.77
3392	1.43
3393	1.16
3394	1.81
3395	1.09
3396	1.41
3397	1.22
3398	1.48
3399	0.87
3400	1.49
3401	0.97
3402	1.67
3403	1.46
3404	1.38
3405	1.72
3406	1.17
3407	1.19
3408	0.96
3409	0.73
3410	1.47
3411	2.01
3412	1.42
3413	1.52
3414	1.74
3415	1.38
3416	1.98
3417	1.76
3418	1.38
3419	1.05
3420	0.9
3421	1.49
3422	0.85
3423	1.41
3424	1.02
3425	0.52
3426	1.74
3427	1.23
3428	1.55
3429	1.17
3430	1.81
3431	1.93
3432	1.36
3433	1.76
3434	1.32
3435	1.42
3436	1.24
3437	1.52
3438	1.01
3439	1.16
3440	0.9
3441	1.53
3442	1.09
3443	1.81
3444	1.12
3445	1.78
3446	1.24
3447	1.29
3448	1.92
3449	1.01
3450	1.09
3451	1.12
3452	1.02
3453	1.06
3454	0.9
3455	0.57
3456	1.34
3457	1.93
3458	0.88
3459	1.74
3460	1.02
3461	1.0
3462	1.9
3463	1.02
3464	1.08
3465	1.36
3466	1.79
3467	1.9
3468	1.63
3469	2.05
3470	1.56
3471	1.58
3472	1.41
3473	1.78
3474	1.83
3475	1.32
3476	1.15
3477	1.64
3478	1.29
3479	1.86
3480	0.57
3481	1.72
3482	1.39
3483	1.93
3484	1.75
3485	2.35
3486	1.03
3487	1.73
3488	1.28
3489	1.51
3490	1.44
3491	1.53
3492	2.15
3493	1.47
3494	1.45
3495	0.79
3496	0.93
3497	0.6
3498	0.74
3499	1.11
3500	1.01
3501	1.06
3502	1.33
3503	2.04
3504	1.53
3505	1.16
3506	1.34
3507	1.3
3508	1.2
3509	1.37
3510	1.46
3511	1.13
3512	1.85
3513	1.05
3514	1.69
3515	1.02
3516	1.81
3517	0.43
3518	1.43
3519	1.67
3520	1.4
3521	1.38
3522	1.64
3523	1.43
3524	1.8
3525	1.54
3526	1.45
3527	2.21
3528	1.59
3529	1.05
3530	0.89
3531	0.38
3532	1.33
3533	1.6
3534	0.86
3535	1.08
3536	1.21
3537	1.28
3538	1.52
3539	1.33
3540	1.07
3541	2.03
3542	1.1
3543	0.57
3544	1.89
3545	2.21
3546	1.86
3547	0.82
3548	1.52
3549	1.98
3550	2.01
3551	1.42
3552	1.84
3553	2.37
3554	1.47
3555	1.45
3556	1.49
3557	1.52
3558	1.62
3559	1.23
3560	2.22
3561	1.71
3562	1.77
3563	1.35
3564	1.59
3565	1.6
3566	1.68
3567	1.56
3568	1.53
3569	1.03
3570	1.62
3571	1.07
3572	1.61
3573	1.03
3574	1.73
3575	1.66
3576	1.07
3577	1.35
3578	1.19
3579	1.79
3580	1.2
3581	1.59
3582	1.06
3583	1.71
3584	1.28
3585	2.02
3586	1.22
3587	1.23
3588	0.8
3589	1.61
3590	1.37
3591	1.96
3592	1.26
3593	1.69
3594	0.86
3595	1.09
3596	0.72
3597	1.19
3598	1.72
3599	2.05
3600	2.1
3601	2.02
3602	1.31
3603	1.2
3604	2.14
3605	1.64
3606	1.0
3607	0.79
3608	1.19
3609	1.16
3610	1.0
3611	0.89
3612	1.26
3613	1.39
3614	2.12
3615	1.64
3616	1.64
3617	1.51
3618	1.51
3619	1.43
3620	0.81
3621	1.19
3622	1.29
3623	1.01
3624	1.31
3625	1.68
3626	1.72
3627	1.27
3628	0.87
3629	1.63
3630	1.73
3631	1.54
3632	1.57
3633	0.26
3634	1.28
3635	1.67
3636	1.99
3637	1.72
3638	1.59
3639	0.78
3640	1.61
3641	1.55
3642	1.37
3643	1.17
3644	1.42
3645	0.79
3646	1.9
3647	1.33
3648	1.41
3649	1.08
3650	1.6
3651	2.07
3652	1.38
3653	0.6
3654	1.26
3655	1.62
3656	1.78
3657	1.26
3658	1.38
3659	1.95
3660	1.12
3661	1.81
3662	1.4
3663	1.32
3664	1.89
3665	1.16
3666	1.53
3667	1.23
3668	1.13
3669	0.74
3670	1.3
3671	1.72
3672	1.4
3673	1.27
3674	1.29
3675	1.26
3676	1.61
3677	1.06
3678	1.17
3679	0.49
3680	1.19
3681	1.71
3682	1.0
3683	0.55
3684	1.43
3685	1.77
3686	1.37
3687	0.89
3688	1.62
3689	1.54
3690	1.83
3691	1.32
3692	0.92
3693	1.1
3694	1.4
3695	1.13
3696	1.45
3697	2.21
3698	1.83
3699	1.17
3700	1.21
3701	1.33
3702	1.2
3703	1.1
3704	1.43
3705	1.23
3706	1.57
3707	1.21
3708	1.11
3709	1.55
3710	1.57
3711	1.56
3712	1.38
3713	1.77
3714	1.57
3715	1.8
3716	1.67
3717	1.6
3718	1.28
3719	1.07
3720	1.25
3721	0.95
3722	1.23
3723	1.24
3724	1.48
3725	1.27
3726	1.65
3727	1.45
3728	1.15
3729	1.26
3730	1.26
3731	1.39
3732	1.5
3733	0.8
3734	1.51
3735	1.07
3736	1.91
3737	1.84
3738	1.16
3739	1.55
3740	1.54
3741	1.11
3742	1.17
3743	1.48
3744	1.57
3745	1.39
3746	0.84
3747	1.53
3748	1.88
3749	1.87
3750	1.38
3751	0.94
3752	1.45
3753	1.59
3754	2.14
3755	0.72
3756	0.87
3757	1.02
3758	0.99
3759	0.61
3760	1.39
3761	2.15
3762	0.61
3763	1.56
3764	1.47
3765	1.56
3766	1.66
3767	1.19
3768	2.09
3769	1.91
3770	1.25
3771	1.48
3772	1.7
3773	1.24
3774	1.01
3775	1.15
3776	1.75
3777	0.82
3778	2.04
3779	1.25
3780	1.41
3781	2.04
3782	1.97
3783	1.08
3784	0.98
3785	2.07
3786	1.82
3787	1.52
3788	1.78
3789	1.32
3790	2.61
3791	1.31
3792	0.83
3793	1.81
3794	1.68
3795	1.15
3796	0.56
3797	1.31
3798	1.41
3799	1.45
3800	1.77
3801	1.42
3802	0.89
3803	1.73
3804	0.86
3805	2.14
3806	1.61
3807	1.99
3808	1.83
3809	2.2
3810	0.73
3811	1.76
3812	1.9
3813	1.46
3814	1.98
3815	1.15
3816	1.33
3817	0.91
3818	1.2
3819	0.96
3820	1.1
3821	1.59
3822	1.11
3823	1.19
3824	1.87
3825	0.94
3826	1.15
3827	1.37
3828	1.45
3829	1.48
3830	1.18
3831	1.83
3832	1.57
3833	1.31
3834	1.73
3835	1.7
3836	1.54
3837	1.46
3838	1.57
3839	1.59
3840	1.77
3841	1.43
3842	1.81
3843	1.49
3844	1.33
3845	1.18
3846	1.51
3847	1.07
3848	1.56
3849	0.7
3850	1.5
3851	1.63
3852	1.19
3853	1.31
3854	1.04
3855	1.41
3856	1.09
3857	1.47
3858	1.38
3859	1.44
3860	1.18
3861	0.98
3862	1.07
3863	1.2
3864	1.55
3865	1.04
3866	1.19
3867	1.61
3868	1.62
3869	1.47
3870	1.35
3871	1.79
3872	1.25
3873	1.49
3874	1.75
3875	1.56
3876	2.0
3877	1.9
3878	1.54
3879	1.76
3880	1.73
3881	2.09
3882	1.68
3883	1.22
3884	1.33
3885	1.81
3886	0.9
3887	2.32
3888	1.35
3889	1.26
3890	1.12
3891	1.56
3892	1.24
3893	0.83
3894	1.32
3895	1.51
3896	1.77
3897	1.51
3898	0.83
3899	1.18
3900	1.36
3901	1.34
3902	1.52
3903	1.98
3904	1.6
3905	1.63
3906	1.75
3907	1.43
3908	1.19
3909	0.99
3910	1.34
3911	1.53
3912	1.84
3913	1.25
3914	1.36
3915	2.06
3916	1.87
3917	1.4
3918	2.21
3919	1.37
3920	1.94
3921	1.02
3922	1.3
3923	1.27
3924	1.51
3925	1.73
3926	1.34
3927	1.3
3928	1.19
3929	1.43
3930	0.86
3931	2.33
3932	1.47
3933	1.53
3934	1.89
3935	1.31
3936	1.73
3937	1.13
3938	1.61
3939	1.79
3940	1.3
3941	1.66
3942	1.76
3943	1.34
3944	1.34
3945	1.52
3946	2.13
3947	1.73
3948	2.31
3949	1.14
3950	1.84
3951	1.94
3952	0.67
3953	1.28
3954	1.63
3955	0.66
3956	1.29
3957	1.22
3958	1.81
3959	1.34
3960	1.16
3961	1.64
3962	1.25
3963	1.19
3964	0.71
3965	0.33
3966	1.24
3967	1.07
3968	1.16
3969	1.52
3970	0.94
3971	1.65
3972	0.57
3973	2.11
3974	2.23
3975	1.66
3976	1.23
3977	1.0
3978	1.18
3979	1.17
3980	1.05
3981	1.66
3982	1.5
3983	1.15
3984	1.47
3985	1.96
3986	1.76
3987	0.99
3988	1.9
3989	1.32
3990	1.7
3991	1.71
3992	1.45
3993	1.22
3994	1.48
3995	0.37
3996	2.04
3997	1.42
3998	2.39
3999	1.48
4000	1.08
4001	1.25
4002	2.04
4003	1.02
4004	1.7
4005	1.61
4006	1.81
4007	1.9
4008	1.3
4009	1.78
4010	1.29
4011	1.68
4012	1.45
4013	0.7
4014	1.22
4015	0.21
4016	1.69
4017	1.15
4018	1.74
4019	1.5
4020	1.36
4021	1.32
4022	0.93
4023	1.59
4024	1.22
4025	1.4
4026	1.14
4027	0.57
4028	1.53
4029	1.28
4030	0.47
4031	0.66
4032	2.13
4033	0.9
4034	0.96
4035	0.91
4036	1.38
4037	1.5
4038	1.69
4039	1.11
4040	1.48
4041	1.45
4042	2.06
4043	1.01
4044	1.52
4045	0.96
4046	1.7
4047	1.78
4048	1.06
4049	1.45
4050	2.16
4051	1.39
4052	0.7
4053	1.0
4054	1.62
4055	1.55
4056	1.44
4057	1.9
4058	1.53
4059	1.06
4060	1.56
4061	1.04
4062	0.53
4063	1.96
4064	2.03
4065	0.85
4066	1.29
4067	1.24
4068	0.94
4069	2.21
4070	1.27
4071	1.82
4072	1.32
4073	2.09
4074	1.96
4075	0.83
4076	1.83
4077	1.6
4078	1.22
4079	1.67
4080	1.11
4081	1.15
4082	0.29
4083	1.55
4084	1.37
4085	1.52
4086	0.4
4087	1.24
4088	1.03
4089	2.05
4090	1.22
4091	1.02
4092	1.94
4093	1.21
4094	1.88
4095	1.22
4096	1.35
4097	1.26
4098	0.88
4099	1.55
4100	0.8
4101	1.87
4102	2.1
4103	1.87
4104	1.31
4105	0.59
4106	1.77
4107	1.12
4108	1.79
4109	1.44
4110	1.19
4111	1.26
4112	1.04
4113	1.36
4114	1.17
4115	1.08
4116	1.2
4117	1.52
4118	1.51
4119	1.28
4120	1.37
4121	1.28
4122	1.11
4123	1.82
4124	0.61
4125	1.1
4126	0.62
4127	1.67
4128	2.0
4129	2.13
4130	1.25
4131	1.32
4132	1.41
4133	1.35
4134	1.55
4135	1.22
4136	1.39
4137	1.21
4138	1.62
4139	1.62
4140	1.46
4141	1.6
4142	1.68
4143	1.54
4144	1.42
4145	1.79
4146	1.5
4147	1.2
4148	1.67
4149	1.07
4150	1.0
4151	1.61
4152	1.13
4153	1.16
4154	1.2
4155	1.39
4156	1.4
4157	2.03
4158	1.42
4159	1.04
4160	0.61
4161	1.03
4162	1.58
4163	1.15
4164	1.13
4165	1.65
4166	0.97
4167	0.71
4168	0.84
4169	1.26
4170	1.93
4171	1.98
4172	1.4
4173	1.67
4174	1.11
4175	0.89
4176	1.93
4177	1.18
4178	2.03
4179	1.85
4180	2.09
4181	1.65
4182	1.49
4183	1.31
4184	1.33
4185	1.49
4186	2.21
4187	1.65
4188	1.0
4189	1.08
4190	1.2
4191	1.54
4192	1.64
4193	1.51
4194	0.91
4195	1.45
4196	0.71
4197	1.35
4198	1.67
4199	1.24
4200	1.47
4201	1.73
4202	0.81
4203	1.12
4204	1.32
4205	0.49
4206	1.34
4207	1.39
4208	1.42
4209	0.97
4210	0.51
4211	1.47
4212	1.21
4213	1.89
4214	1.26
4215	1.27
4216	1.01
4217	1.25
4218	1.6
4219	1.17
4220	2.04
4221	1.06
4222	1.33
4223	1.45
4224	1.17
4225	1.83
4226	1.08
4227	1.15
4228	2.24
4229	1.42
4230	1.11
4231	1.21
4232	1.15
4233	1.73
4234	1.67
4235	1.77
4236	2.09
4237	1.8
4238	1.72
4239	1.51
4240	1.68
4241	2.03
4242	1.34
4243	1.59
4244	1.59
4245	1.49
4246	1.91
4247	1.04
4248	1.26
4249	1.34
4250	1.55
4251	2.53
4252	0.38
4253	1.86
4254	1.63
4255	0.85
4256	1.0
4257	1.44
4258	0.64
4259	1.76
4260	1.41
4261	1.07
4262	1.6
4263	1.64
4264	0.97
4265	1.13
4266	1.16
4267	1.22
4268	1.72
4269	1.41
4270	1.41
4271	1.06
4272	1.34
4273	0.84
4274	1.06
4275	1.47
4276	1.34
4277	1.72
4278	1.08
4279	1.05
4280	0.89
4281	1.92
4282	2.19
4283	1.3
4284	1.36
4285	1.08
4286	1.31
4287	0.63
4288	1.64
4289	1.56
4290	1.13
4291	0.96
4292	0.61
4293	1.47
4294	1.38
4295	1.58
4296	0.65
4297	1.48
4298	1.51
4299	1.46
4300	1.79
4301	1.44
4302	1.55
4303	1.55
4304	0.87
4305	1.16
4306	1.07
4307	1.38
4308	1.22
4309	2.18
4310	0.42
4311	0.91
4312	1.94
4313	1.74
4314	1.45
4315	2.27
4316	1.6
4317	0.98
4318	1.01
4319	0.55
4320	1.01
4321	1.08
4322	2.09
4323	0.92
4324	1.5
4325	1.51
4326	1.67
4327	1.72
4328	0.64
4329	1.42
4330	2.02
4331	1.8
4332	0.91
4333	1.6
4334	1.91
4335	1.66
4336	1.65
4337	1.31
4338	1.73
4339	1.46
4340	1.77
4341	0.86
4342	1.45
4343	1.61
4344	1.24
4345	1.73
4346	1.84
4347	1.81
4348	1.63
4349	1.78
4350	1.74
4351	1.8
4352	1.7
4353	0.78
4354	1.37
4355	1.66
4356	1.57
4357	1.36
4358	1.96
4359	1.24
4360	0.55
4361	1.19
4362	1.99
4363	1.06
4364	0.9
4365	0.65
4366	2.12
4367	1.31
4368	1.04
4369	2.11
4370	1.45
4371	2.02
4372	0.73
4373	2.28
4374	1.16
4375	1.52
4376	1.86
4377	1.35
4378	1.23
4379	1.0
4380	1.7
4381	1.11
4382	1.19
4383	1.46
4384	1.34
4385	1.71
4386	1.69
4387	1.47
4388	0.93
4389	1.34
4390	1.4
4391	2.2
4392	1.81
4393	2.26
4394	1.84
4395	1.95
4396	1.76
4397	1.81
4398	1.21
4399	1.71
4400	1.38
4401	2.0
4402	1.2
4403	1.55
4404	1.65
4405	1.63
4406	1.37
4407	1.43
4408	1.81
4409	1.07
4410	1.77
4411	1.3
4412	1.28
4413	1.06
4414	1.33
4415	1.86
4416	1.14
4417	1.49
4418	1.17
4419	1.3
4420	1.13
4421	0.73
4422	1.52
4423	1.63
4424	1.47
4425	1.17
4426	1.75
4427	1.48
4428	1.17
4429	2.02
4430	1.67
4431	1.74
4432	0.68
4433	1.13
4434	1.99
4435	1.3
4436	1.24
4437	1.14
4438	1.79
4439	1.57
4440	0.7
4441	1.92
4442	1.43
4443	1.21
4444	1.11
4445	2.09
4446	1.62
4447	1.45
4448	1.14
4449	1.47
4450	1.47
4451	1.76
4452	1.4
4453	1.53
4454	1.44
4455	0.99
4456	1.4
4457	0.72
4458	0.73
4459	1.13
4460	1.96
4461	1.68
4462	1.47
4463	1.2
4464	1.97
4465	1.08
4466	1.74
4467	1.17
4468	1.19
4469	1.48
4470	1.42
4471	1.21
4472	1.33
4473	1.14
4474	1.25
4475	0.91
4476	0.56
4477	1.81
4478	1.91
4479	1.94
4480	0.87
4481	1.18
4482	1.06
4483	2.45
4484	1.41
4485	1.34
4486	1.5
4487	1.73
4488	1.83
4489	2.31
4490	0.65
4491	1.23
4492	1.83
4493	1.38
4494	1.44
4495	1.37
4496	1.58
4497	0.86
4498	0.4
4499	1.17
4500	1.26
4501	1.26
4502	1.38
4503	1.69
4504	1.39
4505	1.74
4506	1.71
4507	1.48
4508	1.14
4509	2.12
4510	1.38
4511	0.81
4512	0.96
4513	1.61
4514	1.08
4515	1.48
4516	1.34
4517	1.08
4518	1.3
4519	0.95
4520	1.69
4521	1.11
4522	1.41
4523	2.04
4524	1.52
4525	1.12
4526	1.94
4527	1.85
4528	1.44
4529	0.74
4530	0.5
4531	1.86
4532	1.84
4533	0.87
4534	1.37
4535	0.82
4536	0.73
4537	1.66
4538	1.11
4539	0.57
4540	1.98
4541	1.54
4542	1.61
4543	1.14
4544	1.52
4545	1.32
4546	1.21
4547	1.71
4548	1.43
4549	1.36
4550	1.67
4551	1.58
4552	1.25
4553	1.56
4554	1.62
4555	2.02
4556	1.39
4557	1.34
4558	1.55
4559	0.81
4560	1.31
4561	1.42
4562	1.86
4563	1.48
4564	0.72
4565	2.12
4566	1.56
4567	1.77
4568	1.28
4569	1.15
4570	1.01
4571	1.4
4572	1.78
4573	1.8
4574	0.8
4575	1.73
4576	1.53
4577	1.89
4578	1.76
4579	1.3
4580	1.22
4581	1.64
4582	1.35
4583	1.81
4584	1.15
4585	1.63
4586	1.88
4587	0.87
4588	1.38
4589	1.45
4590	1.84
4591	1.75
4592	1.35
4593	0.64
4594	0.47
4595	0.96
4596	0.9
4597	1.4
4598	1.51
4599	1.65
4600	1.08
4601	2.06
4602	1.37
4603	1.42
4604	1.98
4605	0.71
4606	1.16
4607	1.57
4608	1.14
4609	1.01
4610	1.12
4611	1.73
4612	1.0
4613	1.81
4614	1.47
4615	1.8
4616	1.28
4617	1.03
4618	1.87
4619	1.64
4620	1.18
4621	1.5
4622	1.34
4623	1.54
4624	0.92
4625	1.0
4626	1.19
4627	1.53
4628	1.58
4629	0.96
4630	1.59
4631	1.23
4632	1.75
4633	1.6
4634	1.32
4635	2.28
4636	1.83
4637	2.09
4638	1.96
4639	1.48
4640	1.46
4641	0.95
4642	1.44
4643	0.81
4644	1.66
4645	2.05
4646	1.58
4647	1.47
4648	1.56
4649	0.85
4650	0.78
4651	1.51
4652	0.99
4653	1.01
4654	1.66
4655	1.5
4656	1.69
4657	0.61
4658	1.54
4659	1.42
4660	1.39
4661	1.38
4662	1.81
4663	1.71
4664	1.64
4665	1.63
4666	1.35
4667	1.57
4668	1.79
4669	1.42
4670	1.39
4671	1.45
4672	1.33
4673	1.54
4674	2.21
4675	1.11
4676	1.69
4677	1.82
4678	1.28
4679	1.7
4680	1.81
4681	0.81
4682	1.53
4683	2.17
4684	1.52
4685	1.77
4686	1.33
4687	1.15
4688	1.94
4689	1.73
4690	1.22
4691	0.68
4692	1.55
4693	1.48
4694	1.98
4695	1.62
4696	0.81
4697	1.48
4698	0.46
4699	1.48
4700	1.16
4701	1.62
4702	2.04
4703	1.78
4704	1.19
4705	1.83
4706	0.8
4707	1.04
4708	1.64
4709	1.53
4710	1.2
4711	1.52
4712	2.48
4713	1.38
4714	0.88
4715	1.51
4716	1.99
4717	1.72
4718	1.22
4719	0.95
4720	1.55
4721	1.35
4722	2.06
4723	1.23
4724	2.07
4725	1.3
4726	1.23
4727	1.69
4728	2.26
4729	1.34
4730	1.02
4731	1.0
4732	1.74
4733	1.44
4734	1.84
4735	1.51
4736	1.47
4737	1.25
4738	1.31
4739	1.87
4740	0.73
4741	1.57
4742	1.77
4743	1.35
4744	1.26
4745	1.12
4746	2.14
4747	2.02
4748	1.18
4749	1.53
4750	1.39
4751	2.06
4752	2.03
4753	1.57
4754	1.82
4755	1.23
4756	1.26
4757	1.42
4758	1.5
4759	1.8
4760	0.96
4761	1.8
4762	0.81
4763	1.27
4764	1.16
4765	1.21
4766	1.96
4767	1.38
4768	1.74
4769	1.67
4770	2.05
4771	1.0
4772	1.67
4773	2.44
4774	1.27
4775	0.9
4776	1.77
4777	1.84
4778	1.63
4779	0.96
4780	1.82
4781	0.95
4782	2.51
4783	1.11
4784	1.39
4785	1.36
4786	1.28
4787	1.39
4788	2.03
4789	1.09
4790	1.55
4791	0.69
4792	1.43
4793	1.3
4794	0.91
4795	1.65
4796	0.29
4797	1.42
4798	1.54
4799	2.01
4800	2.02
4801	1.66
4802	1.7
4803	1.95
4804	0.52
4805	1.9
4806	1.59
4807	1.56
4808	1.76
4809	0.88
4810	1.48
4811	1.85
4812	0.4
4813	2.1
4814	1.32
4815	1.55
4816	1.09
4817	1.51
4818	1.4
4819	1.22
4820	1.99
4821	0.67
4822	0.77
4823	1.47
4824	1.97
4825	1.58
4826	1.76
4827	1.48
4828	1.91
4829	1.78
4830	1.77
4831	1.63
4832	1.83
4833	1.14
4834	1.48
4835	1.47
4836	1.75
4837	0.97
4838	1.24
4839	1.58
4840	1.67
4841	1.31
4842	2.43
4843	0.51
4844	1.3
4845	1.37
4846	1.31
4847	1.57
4848	1.19
4849	1.71
4850	1.72
4851	0.62
4852	1.32
4853	1.42
4854	1.38
4855	1.86
4856	2.0
4857	1.61
4858	1.39
4859	1.97
4860	1.3
4861	0.98
4862	2.22
4863	1.72
4864	0.7
4865	1.33
4866	1.17
4867	0.75
4868	1.25
4869	1.27
4870	1.0
4871	1.74
4872	1.61
4873	1.74
4874	1.87
4875	1.53
4876	1.92
4877	0.64
4878	1.49
4879	1.24
4880	1.79
4881	1.0
4882	0.95
4883	1.49
4884	2.04
4885	1.49
4886	0.35
4887	0.6
4888	0.66
4889	1.9
4890	1.46
4891	1.98
4892	1.16
4893	1.3
4894	1.88
4895	1.86
4896	1.91
4897	1.33
4898	1.48
4899	1.98
4900	1.39
4901	1.8
4902	1.3
4903	0.96
4904	2.1
4905	1.39
4906	2.2
4907	1.41
4908	1.62
4909	1.28
4910	1.68
4911	1.4
4912	1.84
4913	1.64
4914	0.87
4915	1.43
4916	1.48
4917	1.45
4918	1.28
4919	0.96
4920	2.25
4921	1.74
4922	1.38
4923	1.51
4924	1.52
4925	2.54
4926	1.27
4927	2.19
4928	1.59
4929	1.34
4930	1.92
4931	1.94
4932	1.52
4933	1.75
4934	1.64
4935	0.85
4936	0.96
4937	1.2
4938	1.58
4939	0.77
4940	1.03
4941	1.25
4942	1.29
4943	1.3
4944	1.82
4945	0.88
4946	1.97
4947	1.47
4948	1.58
4949	1.22
4950	1.82
4951	2.04
4952	1.4
4953	1.4
4954	1.09
4955	0.94
4956	0.87
4957	1.8
4958	1.43
4959	0.96
4960	2.01
4961	1.66
4962	1.15
4963	1.24
4964	1.79
4965	1.53
4966	1.97
4967	1.29
4968	1.52
4969	1.3
4970	1.61
4971	0.97
4972	1.46
4973	1.68
4974	1.92
4975	1.16
4976	1.36
4977	1.46
4978	0.66
4979	1.98
4980	1.79
4981	1.59
4982	1.69
4983	1.24
4984	0.98
4985	0.89
4986	1.29
4987	1.79
4988	1.53
4989	1.67
4990	2.18
4991	1.24
4992	1.33
4993	1.46
4994	1.37
4995	2.11
4996	1.6
4997	1.2
4998	1.44
4999	1.48
5000	2.11
5001	1.34
5002	1.74
5003	1.37
5004	1.85
5005	1.84
5006	1.02
5007	1.33
5008	1.09
5009	1.26
5010	1.01
5011	2.04
5012	0.78
5013	1.09
5014	1.74
5015	1.67
5016	1.63
5017	1.76
5018	1.94
5019	1.71
5020	1.19
5021	1.58
5022	1.75
5023	1.12
5024	1.74
5025	1.08
5026	1.26
5027	1.69
5028	1.25
5029	1.4
5030	1.69
5031	1.09
5032	1.46
5033	0.52
5034	0.99
5035	2.24
5036	1.88
5037	0.7
5038	1.65
5039	1.18
5040	1.56
5041	1.22
5042	1.14
5043	1.47
5044	1.69
5045	1.45
5046	1.92
5047	0.67
5048	1.92
5049	1.38
5050	1.93
5051	1.55
5052	1.14
5053	1.65
5054	1.17
5055	1.82
5056	1.89
5057	1.12
5058	1.34
5059	1.74
5060	1.6
5061	1.26
5062	1.7
5063	0.88
5064	1.93
5065	1.24
5066	1.3
5067	1.44
5068	1.91
5069	1.7
5070	1.52
5071	1.02
5072	1.06
5073	1.74
5074	2.18
5075	1.05
5076	1.51
5077	2.25
5078	0.86
5079	1.86
5080	1.92
5081	1.65
5082	1.06
5083	0.95
5084	1.51
5085	1.36
5086	1.58
5087	1.37
5088	1.81
5089	1.06
5090	1.04
5091	1.06
5092	1.48
5093	1.3
5094	1.91
5095	1.27
5096	1.67
5097	1.02
5098	0.2
5099	1.57
5100	1.24
5101	1.07
5102	1.5
5103	1.63
5104	1.11
5105	0.97
5106	1.56
5107	1.7
5108	1.86
5109	1.31
5110	1.84
5111	1.69
5112	0.94
5113	2.14
5114	1.02
5115	1.22
5116	1.46
5117	2.12
5118	1.7
5119	1.76
5120	1.43
5121	1.74
5122	0.86
5123	2.0
5124	1.86
5125	1.05
5126	1.57
5127	1.52
5128	2.71
5129	1.77
5130	1.62
5131	1.54
5132	1.95
5133	1.8
5134	1.28
5135	1.53
5136	1.68
5137	1.57
5138	1.65
5139	1.42
5140	1.53
5141	1.18
5142	1.19
5143	1.85
5144	1.7
5145	1.39
5146	1.1
5147	1.91
5148	2.04
5149	1.18
5150	1.62
5151	1.82
5152	1.44
5153	1.37
5154	1.53
5155	1.93
5156	2.0
5157	1.68
5158	2.12
5159	2.03
5160	1.02
5161	1.91
5162	1.63
5163	1.96
5164	0.66
5165	1.66
5166	1.85
5167	1.38
5168	1.46
5169	0.96
5170	1.04
5171	0.74
5172	2.01
5173	1.57
5174	1.14
5175	1.3
5176	1.41
5177	0.79
5178	1.66
5179	1.18
5180	1.49
5181	2.02
5182	1.56
5183	1.34
5184	1.18
5185	1.3
5186	1.2
5187	1.62
5188	0.98
5189	0.89
5190	1.75
5191	1.42
5192	2.07
5193	1.39
5194	1.2
5195	0.94
5196	1.11
5197	1.83
5198	1.09
5199	0.97
5200	1.87
5201	1.97
5202	1.71
5203	1.26
5204	1.68
5205	1.66
5206	1.92
5207	1.95
5208	1.52
5209	1.38
5210	1.7
5211	1.24
5212	1.42
5213	1.22
5214	1.07
5215	1.43
5216	1.35
5217	1.24
5218	1.34
5219	1.23
5220	1.13
5221	0.86
5222	1.58
5223	1.19
5224	1.21
5225	2.02
5226	1.06
5227	1.91
5228	1.02
5229	1.14
5230	0.31
5231	1.42
5232	1.31
5233	1.18
5234	1.8
5235	1.04
5236	1.83
5237	1.69
5238	0.95
5239	1.3
5240	2.12
5241	1.55
5242	0.37
5243	1.2
5244	1.49
5245	1.29
5246	1.3
5247	1.08
5248	1.77
5249	1.93
5250	1.24
5251	1.3
5252	1.34
5253	1.84
5254	0.84
5255	1.36
5256	1.86
5257	1.84
5258	1.92
5259	1.42
5260	1.56
5261	1.27
5262	1.46
5263	0.89
5264	1.45
5265	1.08
5266	1.45
5267	0.87
5268	1.12
5269	0.86
5270	1.26
5271	2.09
5272	1.15
5273	0.89
5274	1.37
5275	0.42
5276	1.63
5277	1.28
5278	1.59
5279	1.91
5280	1.66
5281	1.11
5282	1.42
5283	1.57
5284	1.08
5285	0.99
5286	1.43
5287	1.85
5288	1.58
5289	0.99
5290	1.79
5291	1.39
5292	1.94
5293	0.46
5294	1.03
5295	1.32
5296	1.08
5297	1.29
5298	1.06
5299	2.2
5300	1.36
5301	1.58
5302	1.55
5303	0.92
5304	0.87
5305	1.66
5306	0.95
5307	1.64
5308	0.7
5309	1.17
5310	0.73
5311	1.42
5312	1.47
5313	1.18
5314	0.39
5315	1.36
5316	1.01
5317	1.46
5318	0.77
5319	0.94
5320	1.2
5321	1.15
5322	1.34
5323	2.85
5324	1.37
5325	1.86
5326	1.74
5327	0.51
5328	1.33
5329	1.5
5330	1.25
5331	1.77
5332	0.94
5333	1.54
5334	1.82
5335	0.84
5336	1.01
5337	1.75
5338	2.65
5339	1.62
5340	1.03
5341	1.83
5342	1.42
5343	1.06
5344	1.61
5345	1.65
5346	1.69
5347	1.06
5348	1.53
5349	2.21
5350	0.85
5351	1.76
5352	2.16
5353	1.25
5354	1.51
5355	0.96
5356	1.92
5357	1.21
5358	1.59
5359	0.79
5360	1.33
5361	2.21
5362	1.47
5363	1.34
5364	0.82
5365	1.3
5366	0.81
5367	1.29
5368	0.44
5369	1.64
5370	1.3
5371	1.32
5372	1.39
5373	2.0
5374	1.85
5375	1.78
5376	2.1
5377	2.44
5378	1.48
5379	1.29
5380	1.13
5381	1.77
5382	1.57
5383	1.87
5384	1.53
5385	1.75
5386	1.88
5387	1.44
5388	0.79
5389	0.82
5390	1.65
5391	2.13
5392	1.2
5393	1.59
5394	1.25
5395	0.98
5396	1.85
5397	1.4
5398	1.68
5399	1.39
5400	1.26
5401	1.53
5402	1.27
5403	1.9
5404	1.39
5405	2.08
5406	1.57
5407	2.3
5408	1.89
5409	1.35
5410	1.75
5411	1.17
5412	1.39
5413	1.05
5414	1.24
5415	1.7
5416	1.53
5417	1.1
5418	0.17
5419	1.41
5420	1.91
5421	1.03
5422	1.41
5423	1.95
5424	1.76
5425	1.59
5426	1.06
5427	1.13
5428	1.58
5429	1.27
5430	1.03
5431	1.7
5432	1.08
5433	1.8
5434	1.23
5435	1.69
5436	1.21
5437	1.48
5438	1.85
5439	1.83
5440	1.74
5441	0.65
5442	0.64
5443	1.42
5444	1.15
5445	1.01
5446	1.91
5447	1.12
5448	1.69
5449	1.51
5450	1.36
5451	1.94
5452	1.46
5453	1.0
5454	1.74
5455	2.08
5456	1.7
5457	1.13
5458	2.09
5459	0.93
5460	1.08
5461	1.65
5462	1.85
5463	1.9
5464	0.72
5465	0.74
5466	1.31
5467	1.71
5468	1.23
5469	1.07
5470	2.13
5471	1.21
5472	1.98
5473	1.58
5474	2.25
5475	1.18
5476	1.32
5477	1.22
5478	1.09
5479	1.2
5480	1.23
5481	1.69
5482	1.59
5483	1.63
5484	1.46
5485	1.73
5486	1.88
5487	0.42
5488	1.67
5489	1.37
5490	2.52
5491	1.86
5492	1.51
5493	1.34
5494	1.12
5495	1.41
5496	1.25
5497	1.65
5498	1.52
5499	0.92
5500	1.49
5501	1.29
5502	1.43
5503	1.26
5504	0.93
5505	1.25
5506	0.38
5507	1.87
5508	1.31
5509	1.59
5510	0.42
5511	1.71
5512	1.76
5513	1.27
5514	1.54
5515	1.21
5516	1.39
5517	0.88
5518	1.41
5519	1.59
5520	1.79
5521	1.16
5522	1.58
5523	1.75
5524	1.52
5525	2.19
5526	1.8
5527	1.27
5528	0.92
5529	1.68
5530	1.12
5531	1.32
5532	1.56
5533	1.41
5534	1.7
5535	1.41
5536	2.04
5537	1.3
5538	1.26
5539	1.34
5540	0.85
5541	0.81
5542	0.95
5543	1.89
5544	1.01
5545	1.74
5546	1.38
5547	1.75
5548	2.0
5549	1.86
5550	1.48
5551	1.55
5552	0.9
5553	2.08
5554	1.83
5555	2.48
5556	0.88
5557	1.58
5558	1.65
5559	1.57
5560	1.82
5561	1.4
5562	1.66
5563	1.0
5564	1.76
5565	1.2
5566	1.43
5567	2.19
5568	1.44
5569	0.81
5570	1.25
5571	0.89
5572	1.64
5573	1.65
5574	1.35
5575	1.67
5576	1.37
5577	1.74
5578	0.97
5579	1.08
5580	1.94
5581	1.05
5582	2.17
5583	1.57
5584	1.88
5585	1.89
5586	1.32
5587	1.18
5588	1.65
5589	1.66
5590	1.51
5591	1.31
5592	0.86
5593	1.14
5594	1.7
5595	1.25
5596	1.17
5597	1.48
5598	1.26
5599	1.67
5600	1.02
5601	0.37
5602	0.65
5603	1.42
5604	1.24
5605	0.77
5606	1.65
5607	1.51
5608	1.83
5609	1.73
5610	1.13
5611	1.41
5612	1.31
5613	1.29
5614	1.09
5615	1.38
5616	1.62
5617	0.96
5618	1.66
5619	1.0
5620	1.9
5621	1.52
5622	1.34
5623	1.42
5624	1.9
5625	1.78
5626	1.66
5627	1.05
5628	1.06
5629	1.28
5630	1.48
5631	1.83
5632	0.39
5633	1.76
5634	1.59
5635	1.93
5636	1.56
5637	1.21
5638	1.29
5639	1.66
5640	1.14
5641	1.41
5642	1.32
5643	1.68
5644	1.77
5645	1.19
5646	1.68
5647	1.6
5648	1.54
5649	1.57
5650	1.41
5651	1.62
5652	1.53
5653	2.18
5654	1.75
5655	1.77
5656	1.7
5657	1.08
5658	2.08
5659	1.87
5660	1.04
5661	1.51
5662	0.91
5663	1.59
5664	1.29
5665	1.69
5666	1.15
5667	1.26
5668	0.74
5669	2.05
5670	0.87
5671	0.87
5672	2.17
5673	1.38
5674	1.78
5675	1.25
5676	0.76
5677	0.65
5678	1.19
5679	1.15
5680	2.1
5681	1.44
5682	0.5
5683	1.44
5684	1.54
5685	1.35
5686	1.52
5687	2.14
5688	1.81
5689	1.49
5690	0.97
5691	1.55
5692	1.46
5693	1.7
5694	1.98
5695	1.35
5696	0.93
5697	1.86
5698	1.63
5699	1.45
5700	1.57
5701	1.47
5702	1.23
5703	1.13
5704	1.47
5705	1.82
5706	1.26
5707	1.55
5708	1.68
5709	1.25
5710	1.6
5711	1.31
5712	1.66
5713	0.94
5714	1.77
5715	1.65
5716	1.29
5717	0.99
5718	1.41
5719	1.06
5720	1.76
5721	1.86
5722	1.53
5723	2.07
5724	1.18
5725	1.42
5726	1.21
5727	1.57
5728	1.56
5729	0.96
5730	1.56
5731	1.45
5732	1.69
5733	0.99
5734	1.75
5735	1.59
5736	1.41
5737	1.72
5738	2.84
5739	1.0
5740	1.93
5741	1.41
5742	1.68
5743	1.44
5744	0.41
5745	1.49
5746	1.62
5747	0.61
5748	1.65
5749	1.48
5750	1.81
5751	1.63
5752	1.2
5753	1.83
5754	1.29
5755	1.15
5756	1.77
5757	2.15
5758	0.86
5759	1.34
5760	0.89
5761	0.99
5762	1.76
5763	0.32
5764	1.61
5765	1.85
5766	1.79
5767	1.26
5768	1.72
5769	1.11
5770	1.09
5771	1.17
5772	1.79
5773	1.88
5774	1.35
5775	1.64
5776	1.88
5777	1.41
5778	1.13
5779	1.18
5780	0.94
5781	1.41
5782	1.14
5783	1.84
5784	1.61
5785	1.06
5786	1.27
5787	1.59
5788	1.6
5789	1.75
5790	0.87
5791	1.39
5792	1.54
5793	2.07
5794	0.84
5795	1.49
5796	1.18
5797	1.24
5798	2.2
5799	1.01
5800	1.76
5801	0.96
5802	1.26
5803	1.33
5804	1.72
5805	1.44
5806	1.42
5807	1.57
5808	1.19
5809	0.9
5810	2.31
5811	1.36
5812	1.62
5813	1.64
5814	1.37
5815	1.13
5816	1.43
5817	0.9
5818	1.37
5819	1.48
5820	1.41
5821	1.84
5822	1.23
5823	1.37
5824	1.7
5825	2.14
5826	1.54
5827	0.66
5828	1.41
5829	1.46
5830	0.97
5831	1.69
5832	1.3
5833	0.69
5834	2.27
5835	1.28
5836	1.1
5837	0.38
5838	1.66
5839	1.46
5840	2.05
5841	1.03
5842	1.54
5843	1.42
5844	1.46
5845	1.47
5846	1.18
5847	1.51
5848	1.94
5849	1.51
5850	1.59
5851	0.95
5852	0.61
5853	1.64
5854	1.63
5855	0.93
5856	0.82
5857	0.67
5858	1.73
5859	1.34
5860	0.98
5861	1.6
5862	0.94
5863	1.24
5864	1.69
5865	1.75
5866	1.08
5867	1.52
5868	1.68
5869	1.57
5870	1.32
5871	1.84
5872	1.27
5873	0.76
5874	2.11
5875	2.29
5876	1.31
5877	1.13
5878	2.02
5879	1.88
5880	1.3
5881	1.37
5882	1.12
5883	1.61
5884	1.83
5885	1.3
5886	0.88
5887	1.29
5888	1.57
5889	1.71
5890	1.03
5891	1.64
5892	1.06
5893	1.75
5894	1.62
5895	0.96
5896	1.29
5897	0.75
5898	1.62
5899	2.08
5900	1.28
5901	0.67
5902	1.4
5903	1.33
5904	1.54
5905	1.33
5906	1.01
5907	1.78
5908	1.76
5909	1.32
5910	1.53
5911	1.34
5912	1.61
5913	1.21
5914	1.25
5915	1.9
5916	1.35
5917	1.56
5918	1.8
5919	0.89
5920	1.91
5921	0.9
5922	1.54
5923	0.95
5924	1.5
5925	1.4
5926	1.58
5927	1.19
5928	1.37
5929	1.4
5930	1.9
5931	1.33
5932	1.43
5933	1.78
5934	2.03
5935	1.76
5936	1.84
5937	1.82
5938	1.8
5939	1.3
5940	2.01
5941	1.54
5942	1.27
5943	1.31
5944	1.75
5945	1.42
5946	1.99
5947	1.64
5948	1.34
5949	0.96
5950	1.92
5951	2.17
5952	1.84
5953	1.79
5954	1.04
5955	1.92
5956	1.85
5957	1.57
5958	1.22
5959	1.37
5960	0.73
5961	1.98
5962	1.54
5963	1.62
5964	1.0
5965	1.12
5966	1.49
5967	1.97
5968	1.2
5969	0.57
5970	1.08
5971	1.54
5972	1.68
5973	1.8
5974	1.29
5975	1.26
5976	1.65
5977	1.41
5978	1.56
5979	1.08
5980	1.42
5981	1.44
5982	0.93
5983	0.76
5984	0.9
5985	1.33
5986	0.93
5987	0.93
5988	0.95
5989	1.75
5990	1.59
5991	1.81
5992	1.73
5993	1.5
5994	1.02
5995	1.51
5996	1.73
5997	1.33
5998	1.53
5999	1.25
6000	1.59
6001	1.98
6002	1.52
6003	1.92
6004	1.13
6005	2.15
6006	1.74
6007	1.89
6008	1.04
6009	0.82
6010	1.66
6011	0.87
6012	1.37
6013	0.98
6014	1.32
6015	1.29
6016	0.84
6017	1.41
6018	1.4
6019	1.28
6020	1.91
6021	1.45
6022	1.51
6023	0.73
6024	1.65
6025	1.4
6026	1.81
6027	1.21
6028	1.22
6029	2.04
6030	0.95
6031	1.74
6032	1.18
6033	1.52
6034	1.25
6035	1.5
6036	1.45
6037	1.93
6038	1.62
6039	1.53
6040	1.43
6041	1.84
6042	0.94
6043	1.9
6044	1.37
6045	2.15
6046	1.49
6047	0.82
6048	1.62
6049	1.46
6050	2.0
6051	1.56
6052	1.44
6053	1.28
6054	1.5
6055	1.21
6056	1.49
6057	1.79
6058	0.57
6059	1.3
6060	1.53
6061	2.65
6062	1.75
6063	1.16
6064	0.86
6065	0.95
6066	1.11
6067	0.64
6068	1.56
6069	1.85
6070	1.07
6071	1.26
6072	1.92
6073	1.89
6074	1.29
6075	0.88
6076	1.87
6077	1.25
6078	0.82
6079	1.78
6080	1.36
6081	1.15
6082	1.73
6083	2.18
6084	1.29
6085	1.93
6086	1.41
6087	1.85
6088	1.84
6089	1.29
6090	0.56
6091	1.41
6092	1.64
6093	1.36
6094	1.66
6095	1.0
6096	2.02
6097	0.68
6098	1.73
6099	1.92
6100	0.65
6101	1.68
6102	1.31
6103	0.77
6104	1.4
6105	2.34
6106	1.04
6107	1.66
6108	2.15
6109	2.3
6110	1.09
6111	1.62
6112	1.13
6113	0.07
6114	1.82
6115	1.6
6116	1.04
6117	1.33
6118	2.44
6119	1.5
6120	1.85
6121	1.35
6122	1.69
6123	1.41
6124	1.53
6125	1.41
6126	1.36
6127	1.79
6128	1.4
6129	2.63
6130	0.39
6131	2.22
6132	1.27
6133	1.64
6134	1.27
6135	0.99
6136	1.22
6137	1.37
6138	1.48
6139	1.78
6140	1.22
6141	1.59
6142	2.04
6143	1.9
6144	0.86
6145	1.67
6146	1.26
6147	1.59
6148	1.28
6149	1.41
6150	2.05
6151	2.06
6152	1.39
6153	1.15
6154	1.35
6155	1.39
6156	1.82
6157	0.38
6158	1.77
6159	1.92
6160	1.74
6161	1.66
6162	1.53
6163	1.06
6164	1.33
6165	1.57
6166	1.04
6167	1.3
6168	1.28
6169	0.99
6170	1.54
6171	1.42
6172	1.1
6173	1.73
6174	1.72
6175	1.22
6176	1.34
6177	1.37
6178	1.38
6179	1.11
6180	1.64
6181	1.19
6182	1.26
6183	1.08
6184	2.29
6185	1.86
6186	1.55
6187	2.1
6188	0.9
6189	1.27
6190	1.1
6191	1.24
6192	1.71
6193	0.72
6194	1.86
6195	1.08
6196	1.22
6197	1.08
6198	1.29
6199	1.67
6200	1.63
6201	0.95
6202	1.85
6203	1.14
6204	1.36
6205	1.18
6206	1.1
6207	1.28
6208	1.29
6209	1.38
6210	1.95
6211	1.81
6212	1.21
6213	1.86
6214	1.28
6215	1.49
6216	0.92
6217	1.05
6218	1.12
6219	1.66
6220	1.55
6221	1.52
6222	1.06
6223	1.45
6224	0.71
6225	0.93
6226	1.34
6227	1.3
6228	1.33
6229	0.82
6230	1.14
6231	2.13
6232	0.9
6233	1.25
6234	1.37
6235	1.33
6236	2.23
6237	1.3
6238	1.51
6239	1.37
6240	1.01
6241	1.82
6242	1.76
6243	1.39
6244	1.39
6245	1.38
6246	1.22
6247	1.35
6248	1.24
6249	1.58
6250	2.24
6251	1.21
6252	1.4
6253	1.36
6254	1.16
6255	1.66
6256	1.38
6257	1.49
6258	1.47
6259	1.26
6260	1.43
6261	1.48
6262	1.98
6263	1.2
6264	0.87
6265	1.14
6266	1.61
6267	1.75
6268	0.99
6269	1.47
6270	1.64
6271	1.65
6272	1.74
6273	2.28
6274	1.55
6275	1.88
6276	2.39
6277	0.82
6278	1.11
6279	1.67
6280	1.32
6281	1.55
6282	1.81
6283	1.83
6284	1.41
6285	1.51
6286	2.57
6287	1.7
6288	1.36
6289	1.59
6290	1.44
6291	1.27
6292	2.2
6293	1.55
6294	1.48
6295	1.57
6296	0.98
6297	0.86
6298	1.28
6299	1.05
6300	1.99
6301	1.0
6302	1.38
6303	1.36
6304	1.22
6305	1.44
6306	0.55
6307	1.52
6308	1.7
6309	1.31
6310	1.42
6311	1.71
6312	0.96
6313	1.11
6314	1.31
6315	2.04
6316	1.28
6317	0.78
6318	0.68
6319	1.32
6320	1.84
6321	1.39
6322	0.83
6323	1.5
6324	1.9
6325	1.45
6326	1.47
6327	1.31
6328	1.02
6329	1.25
6330	1.31
6331	1.19
6332	0.53
6333	1.8
6334	2.07
6335	1.3
6336	2.41
6337	1.94
6338	0.3
6339	1.35
6340	1.14
6341	1.65
6342	0.45
6343	1.25
6344	0.98
6345	0.99
6346	1.6
6347	1.55
6348	1.27
6349	1.5
6350	1.29
6351	2.02
6352	1.7
6353	0.67
6354	1.84
6355	1.23
6356	1.08
6357	1.56
6358	1.16
6359	1.83
6360	1.18
6361	1.07
6362	0.75
6363	1.23
6364	2.29
6365	1.5
6366	1.5
6367	1.26
6368	1.49
6369	1.7
6370	1.59
6371	1.62
6372	1.45
6373	1.04
6374	1.78
6375	1.63
6376	2.36
6377	0.96
6378	1.01
6379	1.63
6380	2.53
6381	2.6
6382	1.33
6383	1.33
6384	1.43
6385	1.55
6386	0.61
6387	1.76
6388	1.67
6389	1.97
6390	1.86
6391	1.32
6392	0.74
6393	1.19
6394	1.84
6395	0.98
6396	1.24
6397	0.74
6398	1.82
6399	1.19
6400	1.68
6401	0.81
6402	1.69
6403	2.3
6404	0.73
6405	1.52
6406	1.32
6407	1.0
6408	1.29
6409	0.94
6410	1.3
6411	1.47
6412	1.62
6413	2.14
6414	1.75
6415	1.23
6416	1.02
6417	0.98
6418	0.79
6419	1.65
6420	1.17
6421	1.75
6422	1.6
6423	1.35
6424	2.01
6425	1.44
6426	0.75
6427	1.6
6428	2.08
6429	1.26
6430	1.35
6431	1.17
6432	1.42
6433	1.51
6434	1.54
6435	1.19
6436	1.83
6437	1.48
6438	1.68
6439	1.76
6440	2.23
6441	1.14
6442	1.54
6443	1.19
6444	1.81
6445	1.78
6446	1.32
6447	1.47
6448	1.23
6449	1.3
6450	1.68
6451	1.84
6452	1.46
6453	1.44
6454	1.26
6455	1.7
6456	1.41
6457	1.1
6458	1.44
6459	1.33
6460	1.91
6461	1.0
6462	2.05
6463	1.91
6464	1.32
6465	2.29
6466	0.96
6467	1.36
6468	1.48
6469	2.11
6470	0.81
6471	0.83
6472	1.85
6473	1.57
6474	1.43
6475	0.49
6476	0.99
6477	0.9
6478	0.93
6479	1.79
6480	1.24
6481	1.39
6482	0.56
6483	1.09
6484	1.13
6485	1.34
6486	1.49
6487	1.48
6488	1.07
6489	1.81
6490	1.4
6491	1.3
6492	1.17
6493	1.31
6494	1.3
6495	2.17
6496	1.76
6497	0.7
6498	1.5
6499	1.48
6500	1.51
6501	1.77
6502	1.38
6503	1.33
6504	1.12
6505	1.41
6506	1.51
6507	0.97
6508	0.75
6509	0.79
6510	1.52
6511	1.19
6512	1.3
6513	1.14
6514	1.81
6515	1.33
6516	1.28
6517	1.6
6518	1.12
6519	1.72
6520	1.63
6521	1.73
6522	0.62
6523	1.51
6524	1.56
6525	1.98
6526	0.99
6527	1.16
6528	1.68
6529	2.5
6530	1.06
6531	1.81
6532	2.29
6533	1.29
6534	1.59
6535	1.19
6536	2.06
6537	1.84
6538	0.6
6539	1.41
6540	1.27
6541	0.74
6542	1.4
6543	1.56
6544	1.78
6545	1.05
6546	1.57
6547	1.77
6548	2.48
6549	1.24
6550	1.28
6551	1.45
6552	1.48
6553	1.89
6554	1.3
6555	2.04
6556	1.62
6557	1.17
6558	1.13
6559	1.29
6560	1.5
6561	1.33
6562	1.63
6563	0.84
6564	1.06
6565	1.87
6566	0.98
6567	2.29
6568	1.79
6569	1.83
6570	1.48
6571	1.3
6572	1.05
6573	1.38
6574	1.47
6575	2.35
6576	2.28
6577	1.78
6578	0.91
6579	2.09
6580	1.04
6581	1.58
6582	1.63
6583	1.56
6584	1.51
6585	1.35
6586	1.57
6587	1.06
6588	1.16
6589	1.4
6590	2.13
6591	0.65
6592	1.67
6593	1.08
6594	0.71
6595	1.68
6596	1.73
6597	1.18
6598	0.99
6599	2.74
6600	1.71
6601	1.55
6602	1.95
6603	1.8
6604	2.08
6605	1.06
6606	1.72
6607	1.29
6608	1.2
6609	1.83
6610	1.34
6611	0.91
6612	1.77
6613	1.44
6614	1.19
6615	0.9
6616	1.37
6617	1.55
6618	1.56
6619	1.85
6620	1.65
6621	1.31
6622	1.18
6623	1.84
6624	1.28
6625	1.12
6626	1.19
6627	1.15
6628	1.15
6629	0.86
6630	1.25
6631	2.11
6632	2.11
6633	1.97
6634	2.07
6635	1.28
6636	1.84
6637	1.06
6638	1.2
6639	1.42
6640	0.89
6641	1.31
6642	1.43
6643	2.25
6644	1.31
6645	1.68
6646	1.11
6647	1.47
6648	1.68
6649	1.63
6650	1.24
6651	1.23
6652	1.22
6653	1.27
6654	1.2
6655	1.88
6656	1.63
6657	1.02
6658	1.76
6659	1.38
6660	1.08
6661	2.03
6662	1.36
6663	1.29
6664	0.81
6665	1.38
6666	1.03
6667	1.75
6668	1.51
6669	0.8
6670	1.13
6671	1.31
6672	1.62
6673	1.54
6674	1.67
6675	1.38
6676	1.23
6677	1.47
6678	0.84
6679	1.35
6680	1.75
6681	1.95
6682	1.51
6683	1.98
6684	1.14
6685	1.43
6686	1.31
6687	1.24
6688	1.51
6689	1.5
6690	1.37
6691	2.06
6692	1.32
6693	1.81
6694	2.3
6695	2.06
6696	1.55
6697	1.86
6698	1.41
6699	2.16
6700	2.11
6701	1.29
6702	1.35
6703	1.56
6704	2.15
6705	1.27
6706	1.82
6707	1.43
6708	1.76
6709	1.45
6710	1.59
6711	0.99
6712	1.45
6713	0.94
6714	1.64
6715	1.18
6716	1.56
6717	0.94
6718	1.8
6719	0.55
6720	0.83
6721	0.85
6722	1.69
6723	1.48
6724	1.32
6725	1.16
6726	0.9
6727	1.6
6728	1.81
6729	1.63
6730	1.3
6731	1.71
6732	0.87
6733	1.18
6734	1.49
6735	1.09
6736	1.64
6737	1.1
6738	1.23
6739	0.9
6740	1.3
6741	1.52
6742	2.13
6743	1.53
6744	1.52
6745	1.82
6746	1.51
6747	1.59
6748	1.66
6749	1.41
6750	0.85
6751	1.67
6752	1.54
6753	1.64
6754	1.58
6755	1.3
6756	1.99
6757	1.0
6758	1.27
6759	1.61
6760	1.58
6761	1.43
6762	1.0
6763	2.02
6764	1.71
6765	1.42
6766	2.1
6767	1.8
6768	0.89
6769	1.2
6770	1.28
6771	1.54
6772	1.74
6773	1.54
6774	1.59
6775	1.12
6776	1.76
6777	1.03
6778	0.81
6779	1.29
6780	0.84
6781	0.72
6782	0.92
6783	1.91
6784	1.13
6785	1.51
6786	1.3
6787	1.42
6788	1.48
6789	1.64
6790	1.07
6791	1.8
6792	1.44
6793	1.19
6794	1.7
6795	1.03
6796	1.41
6797	2.02
6798	0.89
6799	1.8
6800	1.19
6801	0.88
6802	1.58
6803	1.65
6804	1.41
6805	2.26
6806	1.63
6807	1.63
6808	1.81
6809	1.18
6810	1.13
6811	1.9
6812	1.58
6813	1.64
6814	1.42
6815	1.62
6816	1.42
6817	0.9
6818	0.73
6819	1.27
6820	1.06
6821	1.67
6822	1.68
6823	1.63
6824	0.88
6825	1.74
6826	1.8
6827	1.5
6828	1.56
6829	1.99
6830	2.06
6831	1.2
6832	1.27
6833	1.64
6834	0.68
6835	2.07
6836	1.91
6837	1.16
6838	1.98
6839	1.54
6840	0.9
6841	1.62
6842	1.17
6843	1.46
6844	2.41
6845	1.85
6846	1.9
6847	2.1
6848	1.19
6849	1.89
6850	1.26
6851	1.53
6852	1.1
6853	1.49
6854	1.04
6855	0.95
6856	1.83
6857	1.72
6858	1.37
6859	1.46
6860	1.6
6861	1.11
6862	1.12
6863	0.81
6864	1.89
6865	2.31
6866	1.56
6867	1.65
6868	1.06
6869	1.33
6870	2.04
6871	1.44
6872	1.21
6873	1.15
6874	1.89
6875	1.22
6876	2.06
6877	1.15
6878	1.03
6879	1.44
6880	1.49
6881	1.09
6882	1.28
6883	1.38
6884	2.61
6885	1.75
6886	0.27
6887	1.16
6888	1.93
6889	1.16
6890	1.86
6891	2.61
6892	1.39
6893	1.2
6894	1.34
6895	1.38
6896	0.67
6897	0.92
6898	1.13
6899	1.21
6900	1.6
6901	1.47
6902	1.85
6903	0.89
6904	2.03
6905	1.86
6906	1.5
6907	2.08
6908	1.54
6909	1.01
6910	1.07
6911	1.55
6912	1.5
6913	0.94
6914	0.87
6915	1.81
6916	0.87
6917	1.71
6918	0.7
6919	1.51
6920	2.2
6921	1.52
6922	1.17
6923	1.2
6924	1.2
6925	1.73
6926	1.33
6927	2.0
6928	1.01
6929	1.55
6930	1.88
6931	1.31
6932	1.79
6933	1.05
6934	1.37
6935	1.57
6936	2.26
6937	2.05
6938	1.59
6939	0.87
6940	1.45
6941	1.08
6942	1.71
6943	1.45
6944	1.39
6945	1.57
6946	1.71
6947	2.05
6948	0.99
6949	1.28
6950	1.11
6951	0.75
6952	1.44
6953	0.88
6954	0.9
6955	1.81
6956	0.89
6957	1.68
6958	1.81
6959	1.36
6960	1.87
6961	1.16
6962	1.71
6963	1.61
6964	1.27
6965	1.76
6966	1.61
6967	1.89
6968	0.86
6969	0.87
6970	1.86
6971	1.33
6972	1.04
6973	1.67
6974	1.12
6975	0.73
6976	2.08
6977	1.43
6978	1.08
6979	1.28
6980	0.84
6981	1.54
6982	0.51
6983	1.33
6984	2.05
6985	1.58
6986	0.98
6987	0.84
6988	1.48
6989	1.56
6990	1.82
6991	1.1
6992	1.75
6993	1.44
6994	0.79
6995	1.42
6996	1.31
6997	1.41
6998	1.24
6999	1.08
7000	1.94
7001	1.45
7002	0.93
7003	0.87
7004	1.46
7005	2.01
7006	1.76
7007	1.52
7008	1.95
7009	1.85
7010	0.58
7011	0.95
7012	1.6
7013	1.09
7014	1.64
7015	1.29
7016	1.84
7017	1.3
7018	1.33
7019	1.5
7020	1.7
7021	1.47
7022	1.34
7023	1.42
7024	1.32
7025	0.99
7026	1.04
7027	2.15
7028	1.7
7029	1.79
7030	1.19
7031	0.55
7032	1.97
7033	1.3
7034	0.7
7035	1.63
7036	1.09
7037	1.07
7038	1.15
7039	1.7
7040	0.98
7041	2.01
7042	1.64
7043	1.73
7044	0.92
7045	1.41
7046	1.46
7047	2.14
7048	1.13
7049	1.78
7050	1.62
7051	2.44
7052	1.46
7053	1.68
7054	1.26
7055	1.97
7056	0.75
7057	1.91
7058	1.68
7059	1.31
7060	0.89
7061	2.36
7062	1.58
7063	1.6
7064	1.33
7065	1.84
7066	1.04
7067	1.77
7068	1.89
7069	1.41
7070	1.48
7071	0.9
7072	1.66
7073	1.52
7074	1.49
7075	1.4
7076	1.67
7077	0.64
7078	1.19
7079	2.11
7080	1.0
7081	1.64
7082	1.57
7083	1.11
7084	0.48
7085	1.99
7086	1.47
7087	0.83
7088	1.32
7089	1.55
7090	1.92
7091	1.74
7092	1.01
7093	1.3
7094	1.49
7095	2.34
7096	1.05
7097	1.48
7098	1.64
7099	1.84
7100	1.54
7101	1.75
7102	1.04
7103	1.83
7104	1.07
7105	1.63
7106	1.99
7107	1.88
7108	2.18
7109	1.74
7110	1.69
7111	1.03
7112	1.31
7113	1.62
7114	1.2
7115	1.07
7116	0.73
7117	2.34
7118	1.23
7119	1.82
7120	1.44
7121	0.89
7122	2.4
7123	1.37
7124	2.09
7125	1.11
7126	0.54
7127	1.97
7128	1.28
7129	2.01
7130	1.95
7131	1.54
7132	1.14
7133	1.83
7134	2.0
7135	1.26
7136	1.47
7137	1.09
7138	1.85
7139	1.22
7140	1.76
7141	1.09
7142	1.38
7143	1.25
7144	1.64
7145	1.75
7146	1.3
7147	1.01
7148	1.74
7149	1.28
7150	1.55
7151	1.21
7152	2.34
7153	0.89
7154	1.42
7155	1.53
7156	1.64
7157	0.88
7158	1.74
7159	2.17
7160	1.13
7161	2.2
7162	0.91
7163	1.84
7164	1.52
7165	1.45
7166	1.41
7167	1.64
7168	1.16
7169	1.45
7170	2.07
7171	1.28
7172	0.95
7173	1.33
7174	1.63
7175	1.78
7176	0.84
7177	1.26
7178	1.17
7179	1.12
7180	0.91
7181	1.17
7182	1.34
7183	1.63
7184	1.59
7185	1.13
7186	1.46
7187	1.57
7188	1.58
7189	1.76
7190	1.19
7191	1.73
7192	1.56
7193	1.54
7194	1.48
7195	1.63
7196	1.47
7197	1.48
7198	1.48
7199	0.95
7200	1.15
7201	1.43
7202	0.93
7203	1.77
7204	1.53
7205	1.87
7206	1.59
7207	1.15
7208	1.32
7209	1.7
7210	1.59
7211	1.87
7212	2.38
7213	0.97
7214	1.58
7215	1.49
7216	0.79
7217	1.37
7218	1.74
7219	1.3
7220	0.89
7221	2.28
7222	1.53
7223	1.75
7224	0.66
7225	1.38
7226	2.5
7227	1.58
7228	1.32
7229	1.69
7230	1.44
7231	0.93
7232	1.51
7233	0.68
7234	1.42
7235	1.87
7236	1.43
7237	0.84
7238	1.25
7239	1.55
7240	1.8
7241	1.98
7242	1.52
7243	2.13
7244	1.62
7245	0.61
7246	1.76
7247	0.48
7248	1.53
7249	1.45
7250	1.78
7251	1.28
7252	1.22
7253	0.98
7254	1.41
7255	1.9
7256	1.74
7257	1.64
7258	1.49
7259	1.66
7260	1.46
7261	1.37
7262	1.78
7263	1.35
7264	1.83
7265	1.78
7266	1.26
7267	1.13
7268	1.24
7269	1.55
7270	1.9
7271	1.32
7272	1.62
7273	1.67
7274	2.46
7275	0.91
7276	1.32
7277	1.58
7278	1.82
7279	0.85
7280	1.0
7281	2.05
7282	1.36
7283	1.98
7284	1.54
7285	1.34
7286	2.3
7287	1.3
7288	1.49
7289	1.64
7290	1.39
7291	2.0
7292	1.62
7293	1.7
7294	1.0
7295	1.08
7296	0.44
7297	0.86
7298	1.61
7299	2.18
7300	0.72
7301	2.07
7302	0.81
7303	1.76
7304	1.83
7305	1.24
7306	1.53
7307	1.7
7308	0.88
7309	1.77
7310	2.09
7311	1.92
7312	2.01
7313	1.97
7314	1.42
7315	1.44
7316	1.68
7317	1.32
7318	1.91
7319	1.45
7320	2.56
7321	1.15
7322	0.66
7323	1.83
7324	0.8
7325	1.33
7326	1.69
7327	0.95
7328	0.87
7329	0.36
7330	1.01
7331	1.89
7332	1.46
7333	1.14
7334	1.1
7335	1.43
7336	0.99
7337	0.63
7338	1.41
7339	1.63
7340	2.26
7341	1.01
7342	1.56
7343	1.41
7344	0.93
7345	1.89
7346	1.27
7347	0.93
7348	1.73
7349	0.99
7350	1.3
7351	1.4
7352	1.23
7353	1.54
7354	1.73
7355	1.22
7356	0.55
7357	1.67
7358	1.34
7359	1.6
7360	1.73
7361	1.41
7362	1.46
7363	1.38
7364	2.03
7365	1.41
7366	1.65
7367	1.42
7368	1.58
7369	1.14
7370	1.27
7371	1.47
7372	0.96
7373	1.49
7374	1.14
7375	1.01
7376	1.0
7377	1.92
7378	1.8
7379	1.21
7380	1.48
7381	1.39
7382	1.34
7383	1.7
7384	0.65
7385	0.69
7386	0.98
7387	0.79
7388	1.58
7389	1.09
7390	0.9
7391	2.05
7392	0.87
7393	1.01
7394	1.94
7395	1.65
7396	1.38
7397	1.71
7398	2.33
7399	1.48
7400	1.91
7401	1.48
7402	2.2
7403	1.56
7404	2.13
7405	1.32
7406	1.15
7407	1.2
7408	1.93
7409	1.31
7410	1.29
7411	1.6
7412	1.44
7413	1.79
7414	1.47
7415	0.31
7416	1.89
7417	1.19
7418	1.18
7419	1.0
7420	1.38
7421	0.91
7422	1.76
7423	1.73
7424	1.55
7425	1.47
7426	1.35
7427	1.03
7428	1.31
7429	1.5
7430	1.19
7431	1.15
7432	1.84
7433	1.76
7434	1.84
7435	1.5
7436	1.13
7437	1.9
7438	1.46
7439	2.18
7440	1.37
7441	0.68
7442	1.21
7443	1.79
7444	1.39
7445	2.2
7446	1.15
7447	0.73
7448	1.0
7449	2.19
7450	1.27
7451	1.79
7452	2.1
7453	1.07
7454	1.38
7455	1.18
7456	1.33
7457	2.05
7458	1.32
7459	1.77
7460	1.92
7461	1.03
7462	1.39
7463	1.09
7464	1.37
7465	1.12
7466	0.9
7467	0.76
7468	1.25
7469	1.23
7470	1.18
7471	1.83
7472	1.98
7473	1.11
7474	1.85
7475	1.48
7476	1.28
7477	1.88
7478	1.28
7479	1.4
7480	1.09
7481	1.01
7482	1.39
7483	2.23
7484	1.38
7485	2.38
7486	1.36
7487	1.24
7488	1.49
7489	1.11
7490	1.08
7491	1.23
7492	1.87
7493	1.15
7494	1.35
7495	1.59
7496	2.09
7497	1.95
7498	1.04
7499	1.28
7500	0.65
7501	1.32
7502	1.3
7503	1.37
7504	1.76
7505	1.3
7506	0.98
7507	1.71
7508	1.22
7509	1.91
7510	1.11
7511	1.43
7512	1.33
7513	1.85
7514	1.4
7515	1.6
7516	1.34
7517	1.45
7518	1.69
7519	0.82
7520	1.52
7521	1.88
7522	1.81
7523	1.46
7524	1.57
7525	1.32
7526	1.75
7527	1.03
7528	2.16
7529	0.92
7530	1.0
7531	1.49
7532	1.21
7533	1.44
7534	1.59
7535	1.41
7536	1.42
7537	1.35
7538	1.49
7539	1.83
7540	1.21
7541	1.98
7542	1.39
7543	1.15
7544	1.9
7545	1.39
7546	1.79
7547	1.02
7548	1.6
7549	0.38
7550	1.71
7551	1.64
7552	1.45
7553	1.88
7554	1.98
7555	1.43
7556	1.71
7557	1.28
7558	1.87
7559	1.38
7560	1.2
7561	1.27
7562	2.45
7563	1.56
7564	1.25
7565	1.65
7566	1.98
7567	1.49
7568	1.72
7569	0.78
7570	1.57
7571	1.33
7572	1.46
7573	2.19
7574	1.33
7575	0.56
7576	1.16
7577	0.86
7578	0.94
7579	1.66
7580	1.53
7581	1.16
7582	1.18
7583	1.76
7584	1.62
7585	0.88
7586	1.6
7587	1.34
7588	2.17
7589	1.69
7590	1.68
7591	1.53
7592	1.48
7593	1.48
7594	2.32
7595	1.44
7596	0.83
7597	2.07
7598	1.55
7599	1.35
7600	1.54
7601	1.92
7602	0.88
7603	1.31
7604	0.81
7605	1.41
7606	1.39
7607	1.61
7608	1.72
7609	1.47
7610	1.65
7611	1.48
7612	1.93
7613	1.63
7614	1.45
7615	1.34
7616	1.61
7617	1.39
7618	1.27
7619	1.45
7620	1.56
7621	1.59
7622	0.92
7623	1.76
7624	1.93
7625	1.52
7626	1.5
7627	1.37
7628	2.39
7629	1.68
7630	1.11
7631	1.95
7632	1.28
7633	1.87
7634	1.21
7635	1.94
7636	1.59
7637	1.54
7638	2.2
7639	2.04
7640	1.58
7641	1.67
7642	1.43
7643	1.65
7644	1.35
7645	1.53
7646	0.87
7647	1.49
7648	1.32
7649	1.14
7650	1.6
7651	1.33
7652	1.39
7653	0.98
7654	1.36
7655	1.82
7656	0.53
7657	1.08
7658	1.77
7659	1.36
7660	1.22
7661	1.11
7662	1.49
7663	1.99
7664	2.07
7665	1.13
7666	1.09
7667	1.39
7668	1.23
7669	1.91
7670	1.29
7671	1.58
7672	1.21
7673	1.11
7674	1.42
7675	1.48
7676	1.07
7677	1.4
7678	1.19
7679	1.2
7680	1.96
7681	1.54
7682	1.42
7683	1.41
7684	1.49
7685	1.11
7686	2.32
7687	1.64
7688	1.03
7689	1.31
7690	0.96
7691	1.67
7692	0.58
7693	2.03
7694	1.57
7695	1.84
7696	1.53
7697	0.77
7698	2.04
7699	1.88
7700	0.7
7701	1.3
7702	0.83
7703	1.46
7704	1.17
7705	0.78
7706	0.82
7707	2.19
7708	1.43
7709	0.53
7710	1.54
7711	1.33
7712	0.84
7713	1.02
7714	1.66
7715	0.81
7716	1.24
7717	1.88
7718	0.86
7719	1.35
7720	1.94
7721	1.78
7722	1.81
7723	1.41
7724	1.61
7725	1.16
7726	2.14
7727	1.69
7728	1.12
7729	1.46
7730	1.67
7731	1.05
7732	1.54
7733	0.79
7734	1.89
7735	1.04
7736	1.04
7737	1.32
7738	0.26
7739	0.86
7740	0.74
7741	1.57
7742	1.56
7743	1.64
7744	1.44
7745	1.62
7746	1.33
7747	1.38
7748	1.5
7749	1.37
7750	2.11
7751	1.04
7752	1.68
7753	1.2
7754	1.64
7755	1.52
7756	2.19
7757	1.58
7758	1.2
7759	1.36
7760	1.41
7761	2.4
7762	0.93
7763	1.8
7764	1.99
7765	0.85
7766	1.16
7767	1.13
7768	1.95
7769	1.31
7770	1.64
7771	0.76
7772	1.06
7773	1.88
7774	1.55
7775	1.32
7776	1.9
7777	1.53
7778	1.05
7779	1.6
7780	1.77
7781	0.82
7782	0.76
7783	1.67
7784	1.44
7785	0.84
7786	0.89
7787	1.18
7788	1.41
7789	1.1
7790	0.68
7791	1.15
7792	1.06
7793	1.9
7794	1.57
7795	1.56
7796	1.79
7797	0.75
7798	2.37
7799	1.56
7800	2.15
7801	1.21
7802	1.52
7803	1.31
7804	1.62
7805	1.18
7806	1.3
7807	1.32
7808	1.69
7809	1.04
7810	2.16
7811	1.25
7812	1.64
7813	1.27
7814	1.83
7815	1.57
7816	1.91
7817	0.64
7818	1.53
7819	1.15
7820	1.05
7821	1.65
7822	1.76
7823	1.68
7824	1.83
7825	1.17
7826	1.29
7827	1.35
7828	1.74
7829	1.45
7830	2.0
7831	2.16
7832	1.82
7833	1.3
7834	1.04
7835	1.69
7836	1.35
7837	1.67
7838	1.76
7839	1.49
7840	1.39
7841	1.59
7842	1.92
7843	1.54
7844	0.9
7845	1.08
7846	1.75
7847	1.7
7848	1.51
7849	1.51
7850	1.05
7851	1.91
7852	2.26
7853	1.41
7854	1.47
7855	1.2
7856	1.51
7857	1.66
7858	1.89
7859	1.54
7860	1.49
7861	2.02
7862	1.83
7863	2.45
7864	1.99
7865	1.3
7866	1.42
7867	1.27
7868	1.87
7869	1.72
7870	0.75
7871	1.41
7872	1.54
7873	1.78
7874	1.78
7875	1.28
7876	1.25
7877	2.04
7878	1.86
7879	1.76
7880	1.97
7881	0.86
7882	1.12
7883	1.4
7884	0.84
7885	1.22
7886	1.51
7887	1.83
7888	1.18
7889	1.59
7890	1.28
7891	1.71
7892	1.1
7893	0.79
7894	0.79
7895	1.17
7896	1.36
7897	1.12
7898	1.01
7899	1.46
7900	2.16
7901	1.85
7902	1.33
7903	1.45
7904	1.22
7905	1.28
7906	0.83
7907	1.36
7908	2.11
7909	1.01
7910	0.62
7911	1.29
7912	1.09
7913	1.47
7914	1.72
7915	0.75
7916	1.15
7917	1.21
7918	1.39
7919	1.12
7920	1.38
7921	1.92
7922	1.32
7923	1.59
7924	0.97
7925	1.09
7926	0.45
7927	1.62
7928	1.26
7929	0.89
7930	0.79
7931	1.36
7932	1.27
7933	0.89
7934	1.88
7935	1.53
7936	1.07
7937	0.4
7938	2.13
7939	1.63
7940	1.9
7941	1.1
7942	1.8
7943	0.61
7944	1.46
7945	1.35
7946	1.38
7947	2.58
7948	1.86
7949	0.91
7950	1.82
7951	1.17
7952	1.56
7953	1.61
7954	1.82
7955	1.33
7956	1.73
7957	1.32
7958	1.08
7959	1.75
7960	1.75
7961	1.46
7962	2.07
7963	1.04
7964	2.09
7965	1.95
7966	0.84
7967	1.71
7968	1.19
7969	1.77
7970	0.75
7971	1.11
7972	1.95
7973	1.05
7974	1.5
7975	1.67
7976	0.88
7977	1.61
7978	1.28
7979	1.27
7980	2.37
7981	1.38
7982	1.4
7983	1.25
7984	0.91
7985	1.8
7986	0.56
7987	1.44
7988	1.64
7989	1.53
7990	0.82
7991	1.72
7992	1.62
7993	1.96
7994	1.64
7995	1.46
7996	1.76
7997	1.45
7998	1.21
7999	1.76
8000	1.31
8001	0.92
8002	1.2
8003	1.74
8004	1.46
8005	2.37
8006	1.59
8007	2.22
8008	1.34
8009	1.26
8010	1.6
8011	1.54
8012	1.32
8013	1.93
8014	2.0
8015	0.71
8016	1.32
8017	1.35
8018	1.8
8019	1.6
8020	1.36
8021	1.76
8022	1.24
8023	2.09
8024	1.75
8025	1.66
8026	2.3
8027	0.59
8028	1.6
8029	1.46
8030	1.41
8031	1.53
8032	1.24
8033	1.96
8034	0.86
8035	0.99
8036	1.37
8037	1.75
8038	1.54
8039	1.37
8040	0.84
8041	0.92
8042	1.34
8043	1.98
8044	1.13
8045	1.91
8046	1.5
8047	2.24
8048	1.48
8049	1.24
8050	1.79
8051	2.09
8052	1.86
8053	1.37
8054	1.55
8055	0.77
8056	1.03
8057	1.18
8058	1.35
8059	1.28
8060	0.82
8061	0.83
8062	1.36
8063	0.87
8064	1.93
8065	1.24
8066	1.04
8067	0.72
8068	1.3
8069	1.73
8070	1.67
8071	0.75
8072	0.87
8073	0.8
8074	1.91
8075	1.49
8076	2.26
8077	2.0
8078	1.74
8079	1.3
8080	2.41
8081	1.91
8082	1.06
8083	1.52
8084	1.68
8085	1.83
8086	1.83
8087	0.93
8088	2.04
8089	1.3
8090	2.13
8091	1.46
8092	2.02
8093	1.77
8094	1.23
8095	1.64
8096	1.49
8097	1.72
8098	1.63
8099	2.07
8100	1.14
8101	1.91
8102	2.1
8103	1.54
8104	1.6
8105	1.3
8106	0.73
8107	0.94
8108	1.19
8109	1.27
8110	1.5
8111	1.33
8112	1.53
8113	1.45
8114	1.13
8115	1.44
8116	1.0
8117	1.51
8118	1.21
8119	1.48
8120	1.37
8121	1.6
8122	1.19
8123	1.69
8124	1.61
8125	1.6
8126	1.28
8127	1.22
8128	1.65
8129	1.36
8130	1.54
8131	1.4
8132	1.52
8133	0.98
8134	0.8
8135	1.44
8136	1.95
8137	1.65
8138	1.11
8139	1.37
8140	1.3
8141	1.38
8142	1.6
8143	1.32
8144	1.52
8145	1.6
8146	1.05
8147	1.65
8148	0.85
8149	1.84
8150	1.96
8151	1.83
8152	1.5
8153	1.48
8154	1.14
8155	1.53
8156	1.23
8157	1.46
8158	1.5
8159	1.14
8160	1.17
8161	1.25
8162	1.45
8163	1.12
8164	0.83
8165	0.97
8166	1.22
8167	1.78
8168	1.47
8169	1.1
8170	1.25
8171	1.9
8172	1.1
8173	1.22
8174	1.34
8175	1.35
8176	1.4
8177	0.67
8178	1.3
8179	1.89
8180	1.52
8181	1.13
8182	2.13
8183	1.42
8184	1.97
8185	0.58
8186	1.43
8187	2.01
8188	1.62
8189	2.01
8190	1.85
8191	1.23
8192	1.32
8193	0.84
8194	1.74
8195	1.42
8196	1.6
8197	1.49
8198	1.45
8199	0.95
8200	1.22
8201	1.37
8202	1.84
8203	2.26
8204	0.3
8205	1.47
8206	1.12
8207	1.13
8208	1.55
8209	1.5
8210	1.81
8211	1.94
8212	1.95
8213	1.64
8214	0.73
8215	1.93
8216	1.68
8217	1.05
8218	0.87
8219	1.0
8220	2.33
8221	1.57
8222	1.13
8223	1.42
8224	1.77
8225	1.29
8226	1.54
8227	2.13
8228	1.97
8229	1.67
8230	1.4
8231	1.05
8232	1.48
8233	1.55
8234	1.46
8235	1.61
8236	1.09
8237	0.92
8238	1.57
8239	1.23
8240	1.57
8241	1.39
8242	1.69
8243	1.36
8244	1.14
8245	1.63
8246	0.88
8247	1.8
8248	1.16
8249	0.96
8250	1.63
8251	1.29
8252	1.39
8253	1.22
8254	1.27
8255	1.15
8256	1.35
8257	1.88
8258	1.78
8259	1.22
8260	1.83
8261	1.37
8262	1.62
8263	1.07
8264	2.07
8265	1.7
8266	1.46
8267	1.61
8268	1.11
8269	1.79
8270	2.19
8271	1.82
8272	1.02
8273	1.79
8274	1.67
8275	1.19
8276	1.46
8277	1.3
8278	2.18
8279	1.67
8280	0.93
8281	1.99
8282	1.76
8283	0.91
8284	1.62
8285	2.15
8286	1.3
8287	0.94
8288	2.22
8289	1.15
8290	2.11
8291	1.27
8292	1.5
8293	1.86
8294	1.45
8295	1.04
8296	1.54
8297	0.61
