0	0.89
1	1.58
2	1.57
3	1.22
4	1.64
5	1.02
6	0.91
7	1.69
8	1.73
9	1.09
10	1.29
11	1.47
12	1.28
13	1.97
14	1.36
15	0.52
16	1.59
17	1.77
18	1.2
19	0.9
20	1.73
21	1.72
22	1.32
23	1.75
24	1.46
25	1.49
26	1.64
27	1.0
28	1.03
29	1.03
30	1.73
31	1.59
32	1.57
33	1.58
34	1.0
35	1.44
36	0.92
37	1.55
38	1.12
39	1.16
40	2.12
41	1.48
42	0.48
43	1.08
44	1.11
45	1.98
46	1.18
47	1.87
48	1.31
49	1.69
50	1.32
51	1.27
52	1.45
53	0.83
54	0.72
55	1.89
56	1.07
57	1.38
58	0.85
59	1.35
60	1.31
61	0.84
62	1.08
63	1.17
64	1.38
65	1.65
66	1.29
67	1.64
68	1.0
69	1.29
70	1.15
71	1.25
72	0.76
73	1.82
74	1.56
75	1.84
76	1.32
77	0.73
78	1.31
79	1.96
80	1.33
81	1.53
82	1.5
83	1.67
84	2.46
85	1.78
86	1.29
87	1.62
88	1.47
89	1.44
90	1.29
91	0.73
92	1.63
93	0.68
94	2.31
95	1.96
96	1.88
97	1.19
98	1.66
99	1.05
100	1.34
101	1.45
102	1.74
103	1.74
104	0.2
105	1.91
106	1.63
107	1.28
108	1.89
109	2.18
110	1.06
111	1.88
112	1.59
113	1.74
114	1.79
115	2.21
116	1.6
117	1.69
118	1.44
119	2.06
120	1.3
121	1.82
122	1.58
123	1.51
124	1.11
125	1.21
126	1.63
127	1.31
128	1.22
129	0.97
130	1.66
131	0.79
132	0.93
133	2.01
134	1.07
135	0.49
136	1.36
137	1.28
138	2.0
139	1.57
140	1.69
141	1.78
142	1.1
143	1.1
144	1.81
145	0.98
146	1.07
147	1.05
148	1.35
149	1.55
150	2.24
151	1.86
152	1.87
153	1.64
154	1.01
155	1.25
156	1.55
157	1.45
158	1.12
159	1.23
160	1.64
161	1.69
162	0.65
163	1.22
164	1.93
165	1.55
166	1.87
167	1.79
168	1.8
169	1.24
170	1.24
171	1.42
172	1.54
173	1.0
174	1.93
175	1.47
176	1.72
177	1.54
178	1.69
179	1.82
180	1.76
181	1.56
182	1.92
183	1.97
184	1.34
185	0.54
186	0.94
187	1.96
188	1.26
189	1.65
190	0.5
191	1.89
192	0.93
193	1.3
194	1.64
195	1.53
196	0.99
197	1.08
198	1.34
199	1.24
200	1.32
201	1.86
202	2.05
203	1.42
204	1.99
205	1.18
206	0.8
207	1.12
208	1.37
209	1.7
210	2.05
211	1.76
212	1.47
213	1.59
214	2.12
215	1.32
216	1.14
217	1.35
218	0.72
219	1.18
220	1.48
221	1.82
222	1.39
223	1.46
224	1.9
225	1.35
226	1.45
227	1.32
228	2.16
229	1.41
230	1.46
231	1.68
232	1.4
233	0.91
234	1.64
235	0.59
236	0.28
237	1.82
238	0.95
239	0.57
240	1.86
241	1.72
242	1.83
243	1.41
244	1.87
245	1.55
246	1.51
247	2.17
248	1.21
249	1.53
250	1.16
251	1.28
252	1.18
253	1.68
254	1.37
255	1.26
256	2.05
257	1.38
258	1.43
259	1.73
260	1.2
261	1.1
262	2.18
263	0.99
264	1.2
265	1.18
266	1.26
267	1.5
268	1.16
269	1.38
270	1.04
271	1.36
272	2.04
273	0.83
274	0.75
275	1.95
276	1.13
277	2.14
278	1.1
279	1.2
280	2.02
281	1.23
282	2.19
283	1.42
284	1.7
285	0.81
286	1.75
287	1.61
288	1.31
289	1.25
290	0.89
291	0.89
292	0.8
293	1.59
294	1.83
295	1.62
296	0.98
297	1.91
298	1.1
299	1.41
300	1.14
301	1.62
302	1.39
303	1.46
304	1.67
305	2.09
306	1.85
307	1.78
308	1.61
309	1.57
310	1.58
311	1.59
312	1.57
313	1.47
314	2.37
315	2.2
316	0.81
317	0.85
318	1.5
319	1.67
320	1.04
321	0.59
322	1.28
323	1.5
324	1.46
325	1.32
326	2.0
327	1.79
328	1.48
329	2.42
330	1.64
331	1.24
332	1.12
333	1.13
334	0.87
335	1.68
336	1.1
337	1.96
338	1.19
339	1.41
340	1.09
341	1.66
342	1.87
343	0.78
344	0.84
345	1.3
346	2.17
347	2.32
348	1.49
349	1.83
350	1.42
351	1.54
352	1.22
353	1.62
354	1.62
355	1.86
356	1.54
357	0.63
358	1.47
359	2.01
360	1.79
361	0.94
362	1.46
363	1.75
364	1.47
365	1.37
366	1.18
367	2.02
368	1.22
369	1.78
370	0.79
371	1.77
372	1.59
373	1.77
374	1.12
375	0.89
376	1.22
377	1.73
378	1.28
379	1.36
380	2.03
381	1.59
382	1.4
383	1.71
384	0.92
385	1.36
386	2.37
387	1.96
388	1.2
389	1.48
390	2.39
391	1.17
392	1.57
393	1.24
394	1.74
395	1.44
396	1.36
397	1.29
398	1.26
399	1.16
400	1.94
401	0.8
402	1.25
403	1.49
404	1.41
405	1.1
406	1.77
407	0.85
408	1.25
409	1.46
410	1.34
411	1.5
412	1.6
413	1.29
414	1.64
415	1.54
416	1.97
417	1.34
418	1.1
419	2.49
420	1.68
421	1.55
422	1.29
423	1.64
424	1.27
425	1.61
426	1.04
427	0.87
428	1.27
429	1.42
430	1.37
431	1.01
432	1.64
433	0.97
434	1.39
435	1.08
436	1.19
437	1.51
438	1.25
439	0.86
440	1.09
441	1.16
442	1.43
443	1.23
444	1.22
445	0.77
446	1.73
447	1.79
448	1.5
449	1.29
450	1.17
451	2.1
452	1.23
453	1.09
454	1.92
455	1.15
456	1.1
457	1.46
458	1.17
459	1.41
460	1.96
461	1.34
462	0.99
463	2.13
464	1.43
465	2.27
466	1.91
467	1.4
468	1.77
469	1.72
470	2.03
471	1.27
472	1.61
473	1.81
474	1.35
475	1.35
476	1.35
477	1.39
478	1.65
479	1.91
480	1.66
481	2.53
482	1.1
483	1.9
484	0.94
485	1.06
486	1.95
487	1.74
488	2.05
489	2.1
490	1.37
491	1.24
492	1.15
493	1.12
494	1.72
495	1.42
496	1.79
497	0.82
498	1.41
499	0.75
500	1.12
501	0.84
502	0.96
503	1.03
504	1.62
505	1.9
506	1.57
507	1.41
508	0.66
509	1.42
510	1.19
511	2.43
512	1.72
513	0.91
514	2.02
515	1.87
516	0.71
517	1.38
518	1.61
519	2.03
520	1.34
521	1.42
522	1.26
523	1.47
524	0.76
525	1.97
526	0.93
527	1.08
528	2.19
529	0.93
530	1.17
531	1.22
532	1.75
533	0.97
534	1.85
535	1.76
536	1.37
537	1.58
538	1.42
539	1.21
540	2.31
541	1.55
542	1.12
543	1.85
544	0.98
545	2.23
546	1.82
547	1.62
548	1.82
549	2.11
550	1.07
551	1.64
552	1.73
553	1.07
554	1.86
555	2.5
556	1.86
557	1.6
558	1.18
559	1.34
560	0.9
561	1.47
562	1.24
563	1.63
564	1.4
565	1.49
566	1.33
567	1.18
568	1.05
569	1.56
570	1.2
571	2.31
572	1.42
573	1.61
574	1.4
575	0.98
576	1.1
577	1.79
578	1.08
579	1.23
580	1.83
581	2.22
582	1.56
583	1.81
584	1.73
585	1.29
586	1.88
587	1.24
588	2.22
589	1.35
590	1.05
591	1.38
592	0.78
593	1.0
594	1.16
595	2.1
596	1.6
597	2.12
598	1.65
599	1.18
600	1.49
601	1.24
602	1.75
603	0.98
604	1.46
605	1.87
606	2.23
607	1.04
608	2.04
609	1.38
610	2.17
611	1.47
612	1.69
613	1.46
614	1.66
615	1.39
616	1.33
617	1.47
618	1.5
619	1.34
620	1.45
621	1.47
622	1.98
623	1.38
624	1.67
625	1.66
626	1.26
627	1.13
628	1.22
629	1.01
630	1.01
631	0.65
632	1.15
633	1.78
634	1.47
635	1.53
636	0.92
637	1.74
638	1.32
639	1.14
640	1.53
641	1.43
642	1.61
643	1.07
644	0.97
645	1.72
646	2.12
647	1.62
648	0.9
649	1.94
650	1.48
651	1.77
652	2.0
653	1.51
654	1.07
655	1.67
656	1.99
657	0.56
658	0.54
659	1.7
660	1.25
661	1.49
662	1.5
663	1.02
664	1.75
665	0.38
666	0.82
667	1.36
668	1.36
669	1.63
670	0.91
671	1.37
672	1.64
673	0.97
674	1.2
675	1.95
676	0.57
677	1.41
678	1.53
679	1.46
680	1.53
681	1.16
682	1.31
683	1.54
684	1.15
685	1.32
686	1.68
687	1.55
688	1.16
689	0.6
690	1.3
691	1.03
692	1.04
693	1.49
694	0.92
695	1.42
696	1.75
697	1.77
698	1.46
699	1.36
700	1.38
701	0.87
702	1.22
703	1.46
704	1.86
705	0.96
706	1.18
707	1.13
708	1.35
709	1.07
710	1.61
711	2.42
712	1.34
713	1.49
714	1.63
715	1.39
716	1.41
717	1.54
718	0.4
719	0.6
720	1.28
721	1.5
722	1.1
723	1.13
724	2.06
725	1.12
726	1.2
727	1.37
728	1.42
729	1.62
730	1.44
731	1.2
732	1.66
733	1.59
734	0.82
735	1.79
736	1.41
737	1.53
738	2.31
739	1.88
740	1.18
741	1.07
742	1.67
743	2.35
744	1.45
745	0.41
746	1.72
747	1.14
748	1.03
749	0.4
750	1.55
751	1.61
752	0.67
753	1.15
754	1.97
755	1.63
756	1.66
757	1.69
758	2.03
759	0.96
760	2.06
761	1.11
762	0.98
763	2.16
764	1.45
765	1.73
766	1.23
767	2.07
768	2.31
769	1.22
770	1.63
771	1.87
772	1.2
773	1.87
774	0.79
775	1.24
776	0.72
777	1.0
778	1.37
779	1.75
780	1.21
781	1.33
782	1.48
783	0.83
784	0.65
785	0.62
786	0.76
787	1.44
788	1.61
789	1.11
790	1.31
791	2.02
792	1.48
793	0.86
794	1.31
795	1.46
796	1.63
797	1.78
798	1.3
799	1.39
800	1.72
801	1.76
802	0.88
803	1.63
804	0.94
805	0.76
806	1.48
807	1.64
808	1.04
809	1.73
810	1.4
811	0.9
812	1.47
813	1.37
814	2.06
815	2.4
816	2.13
817	1.86
818	1.39
819	1.45
820	1.17
821	1.58
822	1.46
823	1.2
824	1.1
825	1.52
826	1.59
827	1.23
828	1.42
829	1.91
830	1.9
831	2.27
832	1.69
833	1.75
834	1.68
835	0.76
836	1.2
837	1.58
838	1.38
839	1.31
840	1.34
841	1.74
842	1.67
843	2.07
844	1.83
845	1.0
846	1.33
847	1.49
848	2.08
849	2.01
850	1.61
851	1.35
852	1.77
853	1.7
854	1.87
855	1.88
856	1.46
857	2.1
858	1.6
859	1.73
860	1.34
861	1.43
862	1.61
863	1.51
864	1.08
865	1.21
866	1.68
867	1.07
868	1.98
869	1.33
870	1.83
871	1.55
872	1.6
873	0.96
874	2.23
875	1.55
876	1.25
877	1.99
878	1.81
879	2.27
880	1.45
881	1.86
882	2.03
883	1.49
884	0.97
885	1.07
886	2.08
887	1.09
888	1.95
889	1.89
890	1.29
891	1.34
892	1.28
893	1.9
894	1.68
895	1.34
896	1.25
897	1.27
898	1.38
899	1.85
900	1.54
901	1.54
902	1.27
903	0.86
904	1.13
905	0.38
906	1.59
907	1.07
908	1.03
909	1.21
910	1.84
911	0.68
912	1.4
913	2.09
914	1.71
915	1.48
916	1.46
917	0.67
918	1.21
919	1.63
920	1.52
921	2.08
922	1.18
923	1.36
924	0.8
925	0.96
926	1.63
927	1.8
928	1.46
929	0.54
930	0.52
931	1.2
932	0.55
933	1.33
934	1.27
935	1.2
936	1.29
937	1.7
938	1.41
939	2.09
940	0.67
941	1.63
942	1.74
943	1.92
944	1.17
945	1.05
946	1.51
947	1.63
948	0.48
949	1.65
950	1.19
951	1.11
952	1.6
953	1.79
954	2.06
955	0.91
956	0.95
957	1.27
958	1.21
959	1.89
960	1.41
961	1.76
962	1.65
963	1.08
964	1.68
965	1.27
966	1.62
967	0.89
968	1.64
969	1.47
970	1.29
971	1.77
972	1.32
973	1.04
974	1.27
975	0.93
976	0.73
977	0.99
978	1.62
979	0.76
980	1.76
981	1.65
982	1.24
983	2.03
984	1.74
985	1.52
986	0.8
987	2.37
988	1.86
989	1.91
990	2.36
991	1.72
992	0.8
993	0.59
994	1.46
995	1.31
996	2.13
997	1.41
998	2.02
999	1.23
1000	1.26
1001	2.07
1002	1.35
1003	1.31
1004	1.42
1005	1.59
1006	1.15
1007	0.64
1008	1.84
1009	1.3
1010	1.95
1011	1.51
1012	0.65
1013	1.05
1014	1.47
1015	1.52
1016	1.14
1017	1.85
1018	1.25
1019	1.49
1020	1.72
1021	1.0
1022	1.54
1023	1.7
1024	1.74
1025	1.95
1026	0.95
1027	1.78
1028	1.16
1029	1.48
1030	1.49
1031	1.39
1032	1.32
1033	0.71
1034	0.87
1035	1.36
1036	1.24
1037	1.04
1038	1.5
1039	2.13
1040	1.49
1041	1.66
1042	1.79
1043	1.29
1044	1.6
1045	1.5
1046	1.14
1047	2.06
1048	1.23
1049	2.07
1050	1.52
1051	1.19
1052	0.94
1053	1.07
1054	0.8
1055	1.84
1056	1.34
1057	1.54
1058	1.94
1059	1.41
1060	1.66
1061	1.89
1062	1.57
1063	1.25
1064	0.44
1065	1.36
1066	1.81
1067	1.14
1068	1.37
1069	1.21
1070	1.71
1071	1.53
1072	1.69
1073	1.62
1074	1.57
1075	1.84
1076	0.92
1077	1.56
1078	1.42
1079	2.05
1080	0.51
1081	1.25
1082	0.85
1083	1.85
1084	1.61
1085	1.43
1086	1.51
1087	0.62
1088	1.64
1089	1.45
1090	1.56
1091	1.55
1092	1.48
1093	1.04
1094	1.74
1095	0.8
1096	1.34
1097	1.85
1098	0.77
1099	1.21
1100	0.95
1101	0.92
1102	2.02
1103	1.62
1104	1.44
1105	1.88
1106	0.8
1107	1.3
1108	1.59
1109	1.86
1110	2.01
1111	2.07
1112	1.77
1113	1.67
1114	1.96
1115	1.72
1116	1.88
1117	0.97
1118	1.27
1119	1.17
1120	1.6
1121	1.01
1122	1.8
1123	1.05
1124	1.82
1125	1.96
1126	1.75
1127	2.17
1128	1.17
1129	1.7
1130	1.75
1131	0.93
1132	0.97
1133	1.7
1134	0.91
1135	1.73
1136	1.64
1137	0.9
1138	1.75
1139	1.23
1140	1.11
1141	0.95
1142	1.51
1143	0.66
1144	1.93
1145	1.35
1146	2.09
1147	1.73
1148	0.5
1149	1.21
1150	1.6
1151	1.65
1152	0.51
1153	1.1
1154	1.11
1155	1.95
1156	1.51
1157	1.62
1158	1.67
1159	1.32
1160	1.32
1161	1.65
1162	1.36
1163	1.0
1164	1.14
1165	1.49
1166	1.5
1167	1.47
1168	1.41
1169	1.7
1170	0.86
1171	1.47
1172	1.12
1173	2.33
1174	2.18
1175	1.36
1176	1.27
1177	1.28
1178	1.68
1179	1.72
1180	1.24
1181	0.99
1182	1.27
1183	0.66
1184	0.77
1185	2.02
1186	1.27
1187	1.3
1188	1.66
1189	1.57
1190	1.82
1191	1.21
1192	1.51
1193	1.39
1194	2.02
1195	1.11
1196	1.53
1197	1.42
1198	1.18
1199	2.08
1200	1.72
1201	1.74
1202	1.46
1203	1.37
1204	1.78
1205	1.04
1206	0.75
1207	0.89
1208	1.5
1209	1.49
1210	0.85
1211	1.2
1212	2.03
1213	1.29
1214	1.12
1215	2.17
1216	1.69
1217	0.99
1218	1.67
1219	1.53
1220	1.93
1221	0.98
1222	1.14
1223	1.91
1224	2.26
1225	2.13
1226	1.71
1227	1.09
1228	0.61
1229	1.19
1230	1.18
1231	1.27
1232	1.48
1233	0.39
1234	1.19
1235	1.17
1236	1.62
1237	0.79
1238	1.93
1239	0.96
1240	1.3
1241	1.69
1242	1.95
1243	1.53
1244	1.19
1245	1.7
1246	1.36
1247	1.57
1248	1.87
1249	1.35
1250	1.73
1251	1.7
1252	1.84
1253	1.39
1254	1.55
1255	0.86
1256	1.26
1257	1.69
1258	1.08
1259	1.85
1260	1.17
1261	0.85
1262	1.4
1263	1.88
1264	2.1
1265	1.28
1266	1.69
1267	1.42
1268	0.68
1269	1.44
1270	1.36
1271	1.83
1272	1.93
1273	1.64
1274	1.93
1275	1.08
1276	1.55
1277	1.41
1278	1.54
1279	1.06
1280	2.79
1281	1.22
1282	1.54
1283	1.45
1284	0.99
1285	1.25
1286	1.22
1287	2.0
1288	1.6
1289	1.59
1290	1.08
1291	1.74
1292	1.6
1293	0.97
1294	1.59
1295	1.01
1296	1.18
1297	1.11
1298	0.86
1299	1.88
1300	1.85
1301	1.59
1302	1.79
1303	0.74
1304	1.35
1305	1.28
1306	1.3
1307	1.42
1308	0.87
1309	1.61
1310	1.96
1311	1.24
1312	1.36
1313	2.22
1314	1.16
1315	1.23
1316	1.49
1317	1.66
1318	0.76
1319	1.41
1320	2.22
1321	1.55
1322	1.43
1323	1.44
1324	2.26
1325	1.71
1326	1.37
1327	0.96
1328	1.97
1329	1.71
1330	0.94
1331	1.41
1332	1.98
1333	1.6
1334	1.18
1335	1.56
1336	1.68
1337	1.34
1338	1.3
1339	0.12
1340	1.28
1341	1.4
1342	1.08
1343	1.29
1344	0.92
1345	1.36
1346	1.45
1347	1.48
1348	0.97
1349	2.14
1350	1.31
1351	1.22
1352	1.89
1353	1.33
1354	1.03
1355	1.46
1356	1.03
1357	1.27
1358	1.53
1359	1.4
1360	1.31
1361	1.8
1362	1.43
1363	1.43
1364	1.77
1365	1.27
1366	1.74
1367	0.88
1368	1.31
1369	1.17
1370	0.72
1371	1.83
1372	2.47
1373	1.07
1374	1.18
1375	1.2
1376	0.96
1377	1.55
1378	1.27
1379	0.44
1380	0.87
1381	1.16
1382	1.89
1383	1.07
1384	1.36
1385	1.24
1386	1.27
1387	2.22
1388	1.83
1389	1.52
1390	1.86
1391	1.76
1392	1.12
1393	1.6
1394	1.99
1395	1.01
1396	1.55
1397	1.28
1398	1.51
1399	1.53
1400	1.12
1401	1.93
1402	1.81
1403	1.29
1404	1.52
1405	1.08
1406	1.4
1407	1.52
1408	1.43
1409	1.82
1410	1.32
1411	1.17
1412	1.53
1413	1.14
1414	1.15
1415	1.73
1416	1.13
1417	1.89
1418	1.74
1419	0.97
1420	1.3
1421	1.04
1422	1.32
1423	1.77
1424	0.86
1425	1.78
1426	1.7
1427	1.05
1428	1.63
1429	1.37
1430	1.56
1431	1.65
1432	1.4
1433	1.74
1434	1.77
1435	1.62
1436	1.97
1437	2.38
1438	0.75
1439	2.0
1440	0.67
1441	1.25
1442	1.27
1443	1.33
1444	1.42
1445	1.18
1446	1.33
1447	1.29
1448	0.95
1449	1.51
1450	1.17
1451	2.16
1452	1.69
1453	1.31
1454	1.59
1455	0.66
1456	1.28
1457	1.13
1458	1.58
1459	1.11
1460	1.43
1461	0.98
1462	0.67
1463	1.45
1464	1.76
1465	2.0
1466	1.44
1467	1.5
1468	1.59
1469	2.16
1470	1.51
1471	2.11
1472	1.26
1473	2.0
1474	2.09
1475	2.25
1476	1.79
1477	1.76
1478	0.9
1479	1.54
1480	1.51
1481	1.39
1482	1.24
1483	1.49
1484	1.13
1485	2.12
1486	1.78
1487	1.07
1488	0.87
1489	0.38
1490	1.73
1491	0.95
1492	2.0
1493	1.64
1494	0.92
1495	2.1
1496	2.38
1497	1.14
1498	1.42
1499	1.23
1500	2.05
1501	1.26
1502	1.68
1503	1.4
1504	1.15
1505	2.05
1506	1.62
1507	1.15
1508	1.04
1509	1.31
1510	2.07
1511	1.04
1512	1.25
1513	0.93
1514	1.44
1515	1.86
1516	1.4
1517	1.36
1518	1.44
1519	1.21
1520	1.69
1521	1.72
1522	1.39
1523	1.34
1524	1.74
1525	1.54
1526	1.48
1527	1.2
1528	1.48
1529	1.43
1530	1.26
1531	2.07
1532	2.03
1533	1.97
1534	1.45
1535	0.95
1536	0.86
1537	1.48
1538	1.71
1539	0.74
1540	1.41
1541	2.28
1542	1.46
1543	1.58
1544	1.74
1545	2.0
1546	2.27
1547	1.44
1548	1.54
1549	2.38
1550	0.95
1551	1.35
1552	1.82
1553	1.74
1554	1.59
1555	1.04
1556	0.96
1557	1.33
1558	1.86
1559	1.04
1560	1.3
1561	1.5
1562	1.53
1563	1.03
1564	1.95
1565	0.62
1566	1.1
1567	2.44
1568	1.41
1569	2.1
1570	0.64
1571	1.73
1572	1.26
1573	1.73
1574	1.0
1575	1.54
1576	1.07
1577	2.1
1578	1.08
1579	1.52
1580	1.34
1581	2.19
1582	0.93
1583	1.02
1584	1.79
1585	1.09
1586	0.97
1587	2.13
1588	1.77
1589	2.33
1590	1.53
1591	1.83
1592	1.29
1593	0.6
1594	1.01
1595	1.5
1596	0.74
1597	0.31
1598	1.06
1599	1.69
1600	0.91
1601	1.8
1602	1.81
1603	1.61
1604	0.87
1605	1.76
1606	1.92
1607	1.51
1608	1.04
1609	1.54
1610	1.36
1611	1.5
1612	1.13
1613	1.79
1614	1.96
1615	0.6
1616	1.33
1617	1.42
1618	1.87
1619	1.3
1620	2.09
1621	1.51
1622	1.48
1623	1.58
1624	1.64
1625	0.77
1626	1.31
1627	1.38
1628	1.23
1629	2.11
1630	1.19
1631	1.68
1632	0.84
1633	0.8
1634	1.67
1635	1.47
1636	2.26
1637	1.62
1638	1.36
1639	2.01
1640	1.07
1641	1.87
1642	1.88
1643	1.06
1644	1.31
1645	1.46
1646	2.07
1647	1.25
1648	1.09
1649	1.52
1650	1.08
1651	1.36
1652	1.26
1653	1.94
1654	1.94
1655	1.6
1656	1.24
1657	1.13
1658	2.02
1659	1.59
1660	1.18
1661	1.33
1662	0.87
1663	1.2
1664	1.06
1665	1.46
1666	1.66
1667	1.46
1668	1.16
1669	1.76
1670	1.08
1671	0.28
1672	1.59
1673	1.44
1674	2.19
1675	1.6
1676	1.55
1677	1.44
1678	1.59
1679	1.51
1680	2.14
1681	1.22
1682	1.69
1683	1.54
1684	1.95
1685	1.61
1686	1.58
1687	1.46
1688	1.25
1689	1.66
1690	2.06
1691	1.15
1692	0.99
1693	1.25
1694	1.29
1695	1.13
1696	1.3
1697	1.15
1698	1.4
1699	0.49
1700	1.54
1701	1.27
1702	1.48
1703	1.62
1704	1.83
1705	1.4
1706	1.46
1707	1.93
1708	1.58
1709	1.52
1710	1.05
1711	1.0
1712	1.57
1713	1.37
1714	1.02
1715	1.25
1716	1.66
1717	1.3
1718	1.58
1719	1.78
1720	1.63
1721	1.26
1722	1.58
1723	1.79
1724	1.46
1725	2.04
1726	1.35
1727	1.28
1728	0.82
1729	1.68
1730	1.73
1731	1.28
1732	1.58
1733	1.94
1734	1.83
1735	1.94
1736	0.88
1737	1.67
1738	1.67
1739	1.56
1740	1.13
1741	1.13
1742	1.33
1743	2.22
1744	1.03
1745	0.77
1746	1.93
1747	1.2
1748	0.65
1749	1.75
1750	0.71
1751	1.48
1752	1.92
1753	1.75
1754	1.77
1755	1.9
1756	0.96
1757	1.54
1758	1.36
1759	1.37
1760	1.45
1761	1.64
1762	0.76
1763	1.52
1764	1.63
1765	1.27
1766	0.89
1767	1.68
1768	1.74
1769	1.78
1770	1.34
1771	1.41
1772	0.45
1773	1.99
1774	1.78
1775	1.58
1776	0.99
1777	1.57
1778	0.94
1779	2.01
1780	1.54
1781	0.78
1782	1.42
1783	1.76
1784	1.38
1785	1.63
1786	1.17
1787	1.8
1788	1.83
1789	1.33
1790	1.17
1791	0.93
1792	1.51
1793	0.69
1794	1.18
1795	1.49
1796	1.23
1797	1.69
1798	0.71
1799	1.45
1800	0.73
1801	1.03
1802	1.79
1803	1.56
1804	1.49
1805	0.96
1806	1.16
1807	1.31
1808	2.22
1809	1.87
1810	1.03
1811	1.42
1812	1.77
1813	1.19
1814	1.7
1815	0.83
1816	1.78
1817	2.05
1818	1.66
1819	2.0
1820	0.95
1821	0.78
1822	0.96
1823	1.07
1824	1.67
1825	0.99
1826	1.69
1827	1.3
1828	0.99
1829	1.5
1830	0.8
1831	1.52
1832	2.4
1833	0.94
1834	2.25
1835	1.34
1836	1.25
1837	1.76
1838	1.23
1839	1.48
1840	2.01
1841	0.93
1842	1.74
1843	1.41
1844	1.36
1845	1.53
1846	1.8
1847	1.51
1848	1.41
1849	1.79
1850	1.2
1851	1.04
1852	0.89
1853	1.16
1854	1.53
1855	2.08
1856	1.29
1857	1.25
1858	1.31
1859	1.41
1860	1.87
1861	1.45
1862	1.77
1863	1.33
1864	1.8
1865	2.06
1866	1.62
1867	1.91
1868	0.91
1869	0.61
1870	1.45
1871	1.51
1872	0.52
1873	0.92
1874	1.71
1875	1.06
1876	1.07
1877	2.44
1878	1.78
1879	1.48
1880	2.22
1881	1.29
1882	1.35
1883	1.36
1884	1.58
1885	1.24
1886	0.98
1887	1.13
1888	0.77
1889	1.24
1890	0.59
1891	0.89
1892	2.6
1893	1.97
1894	1.16
1895	1.99
1896	1.39
1897	1.66
1898	1.21
1899	2.09
1900	1.66
1901	1.82
1902	1.29
1903	1.24
1904	1.06
1905	1.46
1906	1.3
1907	1.58
1908	1.25
1909	1.22
1910	1.51
1911	1.89
1912	1.07
1913	1.26
1914	1.78
1915	1.41
1916	0.95
1917	1.23
1918	1.82
1919	0.86
1920	1.49
1921	1.12
1922	1.85
1923	1.62
1924	2.01
1925	2.33
1926	1.21
1927	1.54
1928	1.05
1929	1.44
1930	2.25
1931	0.45
1932	1.34
1933	1.96
1934	1.24
1935	1.55
1936	2.36
1937	1.08
1938	0.78
1939	1.83
1940	1.26
1941	1.96
1942	1.62
1943	2.1
1944	1.4
1945	1.63
1946	1.91
1947	0.71
1948	0.98
1949	1.49
1950	1.49
1951	0.76
1952	1.9
1953	0.89
1954	2.01
1955	2.08
1956	1.28
1957	0.91
1958	1.18
1959	1.5
1960	1.63
1961	1.79
1962	1.47
1963	0.99
1964	1.63
1965	1.51
1966	1.42
1967	1.15
1968	1.13
1969	1.53
1970	0.91
1971	2.15
1972	1.44
1973	1.57
1974	1.42
1975	2.2
1976	0.38
1977	1.64
1978	2.08
1979	1.96
1980	0.93
1981	1.69
1982	2.14
1983	1.72
1984	1.03
1985	1.52
1986	1.28
1987	1.16
1988	1.64
1989	1.4
1990	1.94
1991	1.17
1992	1.3
1993	1.83
1994	1.63
1995	1.86
1996	1.2
1997	0.59
1998	1.09
1999	1.91
2000	1.77
2001	0.99
2002	1.35
2003	1.26
2004	1.5
2005	1.48
2006	1.62
2007	2.56
2008	1.0
2009	1.63
2010	1.6
2011	2.27
2012	0.81
2013	1.85
2014	1.29
2015	1.94
2016	1.19
2017	1.07
2018	1.84
2019	1.06
2020	0.92
2021	0.81
2022	0.87
2023	1.67
2024	1.29
2025	1.23
2026	1.12
2027	0.84
2028	1.73
2029	1.27
2030	1.67
2031	1.4
2032	1.98
2033	2.02
2034	1.61
2035	1.58
2036	0.99
2037	1.67
2038	1.73
2039	1.19
2040	1.57
2041	1.6
2042	1.27
2043	1.6
2044	1.23
2045	0.58
2046	1.73
2047	0.73
2048	1.74
2049	1.11
2050	1.55
2051	1.67
2052	1.3
2053	1.29
2054	2.1
2055	0.99
2056	2.13
2057	1.57
2058	1.63
2059	0.95
2060	1.27
2061	1.0
2062	2.49
2063	0.77
2064	1.66
2065	1.6
2066	1.29
2067	1.12
2068	1.46
2069	1.8
2070	1.21
2071	1.22
2072	2.66
2073	1.15
2074	1.03
2075	1.16
2076	1.35
2077	0.71
2078	1.57
2079	1.01
2080	1.73
2081	1.1
2082	1.56
2083	1.73
2084	1.27
2085	1.66
2086	1.84
2087	1.55
2088	1.69
2089	1.8
2090	1.99
2091	1.37
2092	1.59
2093	1.7
2094	1.78
2095	1.23
2096	1.72
2097	2.13
2098	1.74
2099	1.8
2100	1.05
2101	1.86
2102	1.39
2103	1.24
2104	0.78
2105	1.81
2106	1.54
2107	1.08
2108	1.11
2109	1.1
2110	1.51
2111	0.93
2112	1.29
2113	1.22
2114	0.84
2115	1.76
2116	0.66
2117	1.63
2118	1.65
2119	1.24
2120	1.56
2121	1.27
2122	1.52
2123	1.34
2124	0.88
2125	0.94
2126	1.67
2127	1.36
2128	0.9
2129	1.46
2130	0.78
2131	0.96
2132	1.83
2133	1.37
2134	1.69
2135	1.55
2136	1.87
2137	1.21
2138	1.41
2139	2.07
2140	0.7
2141	1.44
2142	1.8
2143	1.5
2144	1.44
2145	1.25
2146	1.02
2147	1.34
2148	1.97
2149	1.37
2150	1.8
2151	1.91
2152	1.44
2153	0.87
2154	0.57
2155	2.15
2156	1.59
2157	1.14
2158	1.66
2159	2.47
2160	1.21
2161	1.87
2162	2.28
2163	0.6
2164	1.24
2165	1.2
2166	1.49
2167	1.14
2168	1.43
2169	1.23
2170	1.66
2171	0.64
2172	1.51
2173	1.17
2174	1.21
2175	1.73
2176	1.41
2177	1.35
2178	2.31
2179	2.05
2180	1.81
2181	1.55
2182	1.62
2183	1.25
2184	1.25
2185	1.42
2186	1.98
2187	1.33
2188	1.28
2189	1.53
2190	1.89
2191	1.94
2192	1.17
2193	0.88
2194	1.67
2195	0.57
2196	1.37
2197	1.61
2198	1.3
2199	2.05
2200	1.34
2201	1.51
2202	1.43
2203	1.52
2204	1.97
2205	1.25
2206	1.07
2207	1.71
2208	0.97
2209	1.42
2210	1.81
2211	1.67
2212	1.47
2213	1.29
2214	1.38
2215	1.47
2216	1.31
2217	1.47
2218	1.67
2219	1.51
2220	1.63
2221	1.01
2222	1.88
2223	1.0
2224	1.97
2225	1.78
2226	1.49
2227	1.73
2228	1.54
2229	1.7
2230	1.13
2231	1.39
2232	1.72
2233	1.74
2234	1.65
2235	1.63
2236	1.6
2237	1.34
2238	2.09
2239	1.47
2240	1.57
2241	1.19
2242	1.4
2243	2.3
2244	1.09
2245	2.33
2246	0.98
2247	1.97
2248	1.65
2249	2.12
2250	1.44
2251	1.47
2252	2.33
2253	1.14
2254	0.93
2255	1.72
2256	1.09
2257	1.48
2258	1.55
2259	1.07
2260	0.85
2261	1.82
2262	1.67
2263	1.27
2264	1.88
2265	1.23
2266	1.12
2267	1.31
2268	1.8
2269	1.42
2270	1.52
2271	0.75
2272	1.07
2273	1.75
2274	1.47
2275	1.4
2276	0.89
2277	1.22
2278	0.74
2279	1.54
2280	1.11
2281	0.79
2282	1.38
2283	1.06
2284	1.73
2285	1.99
2286	1.59
2287	1.22
2288	2.04
2289	1.46
2290	1.89
2291	2.22
2292	1.66
2293	2.02
2294	1.01
2295	1.37
2296	1.21
2297	0.85
2298	1.04
2299	2.01
2300	1.51
2301	1.58
2302	1.01
2303	1.45
2304	0.54
2305	1.63
2306	1.6
2307	1.01
2308	1.39
2309	1.79
2310	1.18
2311	1.81
2312	1.0
2313	1.27
2314	1.73
2315	1.31
2316	0.58
2317	2.08
2318	1.63
2319	2.13
2320	1.9
2321	1.19
2322	1.56
2323	2.01
2324	1.74
2325	1.51
2326	1.67
2327	1.28
2328	1.51
2329	1.23
2330	1.73
2331	1.94
2332	1.48
2333	1.33
2334	1.93
2335	1.41
2336	2.14
2337	1.52
2338	1.58
2339	1.67
2340	1.76
2341	1.17
2342	1.99
2343	1.8
2344	0.66
2345	1.85
2346	2.21
2347	1.5
2348	1.78
2349	1.75
2350	1.61
2351	1.05
2352	1.72
2353	0.95
2354	0.99
2355	0.95
2356	1.21
2357	1.18
2358	0.83
2359	1.77
2360	1.14
2361	1.73
2362	1.25
2363	1.25
2364	2.52
2365	1.75
2366	1.38
2367	1.47
2368	1.57
2369	1.59
2370	1.98
2371	1.01
2372	2.0
2373	1.06
2374	1.73
2375	1.27
2376	1.52
2377	1.46
2378	0.96
2379	1.19
2380	1.2
2381	1.47
2382	1.72
2383	1.89
2384	1.25
2385	1.61
2386	1.74
2387	1.86
2388	1.54
2389	1.14
2390	1.08
2391	0.89
2392	1.97
2393	1.22
2394	1.66
2395	1.04
2396	1.77
2397	1.43
2398	1.31
2399	1.53
2400	1.56
2401	1.47
2402	1.45
2403	1.45
2404	1.47
2405	2.29
2406	1.99
2407	2.0
2408	1.44
2409	1.52
2410	2.15
2411	1.46
2412	1.61
2413	1.25
2414	2.02
2415	1.48
2416	1.86
2417	1.39
2418	1.71
2419	1.46
2420	1.08
2421	2.33
2422	1.05
2423	1.66
2424	1.5
2425	1.45
2426	1.42
2427	0.97
2428	1.15
2429	1.25
2430	1.26
2431	1.44
2432	1.15
2433	0.9
2434	1.16
2435	1.81
2436	2.18
2437	0.98
2438	0.98
2439	1.28
2440	1.19
2441	1.05
2442	1.36
2443	1.51
2444	2.17
2445	0.87
2446	1.47
2447	1.29
2448	1.72
2449	1.56
2450	1.47
2451	1.36
2452	0.81
2453	2.15
2454	0.78
2455	0.91
2456	1.28
2457	1.63
2458	1.8
2459	1.36
2460	1.46
2461	1.36
2462	1.0
2463	1.94
2464	0.78
2465	1.28
2466	1.06
2467	1.51
2468	2.38
2469	1.36
2470	1.49
2471	1.17
2472	1.32
2473	1.91
2474	1.51
2475	1.02
2476	1.23
2477	1.61
2478	1.86
2479	1.62
2480	1.67
2481	0.84
2482	2.31
2483	1.64
2484	1.46
2485	1.68
2486	1.51
2487	1.52
2488	1.16
2489	0.92
2490	1.0
2491	1.63
2492	1.58
2493	0.89
2494	1.26
2495	1.4
2496	2.45
2497	1.35
2498	1.2
2499	1.36
2500	1.98
2501	1.57
2502	1.13
2503	0.79
2504	1.84
2505	1.18
2506	1.32
2507	1.88
2508	1.16
2509	1.46
2510	1.57
2511	1.41
2512	1.31
2513	1.52
2514	0.93
2515	0.64
2516	1.95
2517	1.54
2518	0.7
2519	1.44
2520	1.04
2521	0.9
2522	1.26
2523	1.74
2524	0.74
2525	1.5
2526	1.84
2527	1.5
2528	1.44
2529	1.56
2530	1.43
2531	1.94
2532	1.08
2533	1.87
2534	1.76
2535	0.64
2536	0.47
2537	0.88
2538	1.81
2539	1.24
2540	1.33
2541	1.67
2542	1.6
2543	1.02
2544	1.49
2545	1.53
2546	1.65
2547	1.45
2548	1.13
2549	1.35
2550	1.48
2551	1.29
2552	2.02
2553	0.9
2554	0.68
2555	1.04
2556	1.17
2557	1.91
2558	1.21
2559	1.4
2560	1.44
2561	1.45
2562	2.18
2563	1.29
2564	1.07
2565	1.22
2566	1.25
2567	1.5
2568	1.31
2569	1.78
2570	1.8
2571	1.88
2572	1.28
2573	1.37
2574	1.84
2575	1.41
2576	1.03
2577	0.73
2578	1.42
2579	1.82
2580	1.51
2581	1.57
2582	1.96
2583	1.25
2584	0.81
2585	1.27
2586	1.12
2587	1.49
2588	1.33
2589	1.28
2590	1.28
2591	1.14
2592	1.78
2593	1.44
2594	0.8
2595	1.68
2596	1.75
2597	2.3
2598	1.5
2599	1.32
2600	0.9
2601	1.68
2602	1.69
2603	0.93
2604	1.65
2605	0.93
2606	1.53
2607	1.22
2608	1.11
2609	0.67
2610	1.92
2611	1.76
2612	1.26
2613	1.58
2614	1.48
2615	1.01
2616	1.71
2617	1.37
2618	1.2
2619	1.31
2620	1.81
2621	1.3
2622	1.15
2623	1.08
2624	1.55
2625	1.57
2626	1.15
2627	0.79
2628	1.43
2629	1.73
2630	0.93
2631	2.41
2632	1.98
2633	1.56
2634	1.79
2635	2.22
2636	1.89
2637	1.28
2638	1.78
2639	1.0
2640	2.12
2641	0.4
2642	1.64
2643	1.11
2644	1.7
2645	1.53
2646	1.56
2647	1.2
2648	1.75
2649	1.7
2650	0.92
2651	0.6
2652	1.35
2653	1.36
2654	1.02
2655	2.04
2656	1.36
2657	1.52
2658	0.97
2659	1.73
2660	1.03
2661	1.89
2662	0.95
2663	1.43
2664	1.55
2665	1.7
2666	1.83
2667	1.11
2668	2.13
2669	1.33
2670	1.83
2671	1.49
2672	1.55
2673	1.54
2674	1.64
2675	1.09
2676	2.02
2677	1.99
2678	1.12
2679	1.18
2680	1.61
2681	1.06
2682	1.06
2683	1.59
2684	1.91
2685	1.74
2686	1.34
2687	1.18
2688	1.56
2689	0.98
2690	1.48
2691	1.33
2692	1.93
2693	1.43
2694	1.28
2695	1.64
2696	1.36
2697	1.46
2698	2.01
2699	1.17
2700	1.51
2701	1.54
2702	1.92
2703	1.41
2704	1.61
2705	1.69
2706	1.01
2707	1.54
2708	1.72
2709	2.28
2710	1.92
2711	1.58
2712	0.85
2713	2.02
2714	2.44
2715	1.11
2716	1.17
2717	1.6
2718	1.53
2719	1.82
2720	1.58
2721	1.23
2722	1.74
2723	1.52
2724	1.23
2725	2.03
2726	1.58
2727	1.36
2728	2.11
2729	1.88
2730	1.29
2731	1.34
2732	0.44
2733	1.29
2734	1.69
2735	1.75
2736	1.05
2737	1.39
2738	1.53
2739	1.31
2740	1.58
2741	1.31
2742	2.4
2743	1.53
2744	1.48
2745	1.38
2746	1.23
2747	1.17
2748	1.34
2749	1.1
2750	1.6
2751	2.07
2752	0.79
2753	1.15
2754	1.73
2755	1.42
2756	1.57
2757	1.83
2758	0.97
2759	1.73
2760	1.25
2761	1.55
2762	1.91
2763	2.35
2764	1.73
2765	0.94
2766	1.34
2767	1.76
2768	0.99
2769	1.79
2770	2.19
2771	1.85
2772	1.45
2773	1.28
2774	0.75
2775	1.65
2776	1.17
2777	0.84
2778	2.22
2779	1.42
2780	1.98
2781	2.01
2782	1.62
2783	1.77
2784	1.48
2785	2.16
2786	1.55
2787	1.51
2788	1.59
2789	2.14
2790	2.24
2791	1.2
2792	1.72
2793	1.6
2794	1.9
2795	1.26
2796	1.57
2797	1.3
2798	1.58
2799	1.45
2800	2.11
2801	1.02
2802	1.09
2803	1.12
2804	1.1
2805	1.54
2806	2.05
2807	1.84
2808	1.45
2809	1.66
2810	1.67
2811	1.67
2812	1.61
2813	1.49
2814	1.98
2815	1.82
2816	1.17
2817	1.44
2818	1.56
2819	0.87
2820	1.78
2821	1.57
2822	1.67
2823	2.03
2824	1.73
2825	2.01
2826	1.45
2827	1.15
2828	1.75
2829	2.19
2830	2.07
2831	0.96
2832	1.63
2833	2.21
2834	1.64
2835	2.07
2836	1.97
2837	0.42
2838	1.22
2839	1.46
2840	1.09
2841	1.74
2842	1.36
2843	1.66
2844	0.86
2845	1.27
2846	0.76
2847	1.45
2848	1.41
2849	1.29
2850	1.3
2851	1.79
2852	0.97
2853	1.48
2854	1.21
2855	1.52
2856	2.08
2857	1.87
2858	1.7
2859	2.35
2860	1.68
2861	1.31
2862	1.25
2863	2.04
2864	1.5
2865	2.19
2866	1.57
2867	1.69
2868	1.74
2869	1.69
2870	1.47
2871	1.57
2872	0.8
2873	1.36
2874	1.38
2875	1.1
2876	1.68
2877	1.68
2878	0.99
2879	1.88
2880	1.79
2881	0.79
2882	1.29
2883	1.86
2884	0.4
2885	2.25
2886	1.74
2887	2.16
2888	1.58
2889	1.26
2890	0.78
2891	1.71
2892	1.35
2893	1.01
2894	1.61
2895	1.76
2896	2.14
2897	1.35
2898	1.67
2899	0.82
2900	1.07
2901	1.19
2902	1.5
2903	1.85
2904	1.27
2905	1.1
2906	1.98
2907	1.49
2908	1.32
2909	0.95
2910	1.91
2911	0.4
2912	1.46
2913	1.67
2914	1.02
2915	0.9
2916	2.12
2917	2.05
2918	1.54
2919	1.68
2920	1.11
2921	1.09
2922	1.24
2923	1.35
2924	1.05
2925	1.1
2926	1.55
2927	0.87
2928	2.02
2929	1.31
2930	1.72
2931	2.02
2932	0.66
2933	0.63
2934	2.09
2935	1.96
2936	1.32
2937	1.15
2938	1.61
2939	0.68
2940	1.55
2941	0.84
2942	1.32
2943	1.88
2944	1.83
2945	1.97
2946	0.89
2947	1.03
2948	1.59
2949	1.44
2950	1.23
2951	1.89
2952	1.69
2953	1.43
2954	1.82
2955	1.04
2956	1.09
2957	1.44
2958	1.4
2959	1.33
2960	1.8
2961	1.8
2962	1.74
2963	1.46
2964	1.77
2965	1.37
2966	1.36
2967	1.3
2968	1.24
2969	2.29
2970	1.59
2971	1.55
2972	2.12
2973	1.22
2974	1.96
2975	1.36
2976	2.13
2977	0.93
2978	1.57
2979	1.28
2980	1.94
2981	0.82
2982	1.74
2983	0.85
2984	1.53
2985	0.4
2986	0.53
2987	1.9
2988	1.04
2989	1.6
2990	1.34
2991	0.78
2992	2.25
2993	1.38
2994	1.62
2995	1.71
2996	1.94
2997	2.12
2998	1.79
2999	1.8
3000	1.12
3001	1.71
3002	1.52
3003	0.33
3004	1.68
3005	1.57
3006	2.07
3007	1.42
3008	1.78
3009	1.67
3010	1.77
3011	1.64
3012	1.86
3013	1.54
3014	1.39
3015	1.46
3016	1.09
3017	1.45
3018	1.63
3019	2.21
3020	0.51
3021	0.97
3022	1.3
3023	1.24
3024	1.85
3025	1.4
3026	1.44
3027	1.3
3028	1.51
3029	1.34
3030	1.34
3031	2.32
3032	1.9
3033	1.52
3034	1.97
3035	0.61
3036	1.83
3037	1.5
3038	2.29
3039	1.41
3040	1.52
3041	0.85
3042	0.94
3043	1.36
3044	2.31
3045	1.12
3046	1.28
3047	1.73
3048	1.46
3049	1.72
3050	1.58
3051	2.22
3052	2.36
3053	0.86
3054	1.68
3055	1.89
3056	1.07
3057	0.88
3058	1.42
3059	1.34
3060	1.95
3061	1.44
3062	1.66
3063	0.79
3064	1.29
3065	1.23
3066	1.71
3067	1.59
3068	0.89
3069	1.93
3070	0.95
3071	1.37
3072	0.73
3073	1.15
3074	1.23
3075	1.45
3076	1.2
3077	1.45
3078	1.13
3079	1.21
3080	0.57
3081	1.64
3082	1.53
3083	1.59
3084	1.42
3085	1.79
3086	1.79
3087	1.64
3088	1.92
3089	0.24
3090	1.4
3091	0.49
3092	1.31
3093	1.67
3094	1.53
3095	1.53
3096	1.29
3097	1.75
3098	1.25
3099	1.22
3100	0.85
3101	1.78
3102	1.45
3103	1.9
3104	1.07
3105	0.98
3106	1.09
3107	1.31
3108	0.72
3109	1.69
3110	1.12
3111	1.07
3112	1.11
3113	1.74
3114	1.36
3115	1.93
3116	1.22
3117	1.32
3118	0.51
3119	1.7
3120	0.78
3121	0.84
3122	1.35
3123	1.12
3124	0.86
3125	1.58
3126	1.28
3127	1.45
3128	1.21
3129	0.9
3130	2.59
3131	0.87
3132	1.04
3133	1.03
3134	1.24
3135	1.65
3136	1.47
3137	1.6
3138	1.2
3139	1.56
3140	0.9
3141	1.49
3142	1.8
3143	1.2
3144	1.59
3145	1.82
3146	1.16
3147	1.44
3148	1.48
3149	1.96
3150	1.1
3151	0.7
3152	1.61
3153	2.37
3154	1.89
3155	1.49
3156	1.55
3157	1.34
3158	0.86
3159	1.69
3160	1.17
3161	1.32
3162	1.79
3163	1.74
3164	1.01
3165	2.0
3166	1.34
3167	1.52
3168	0.71
3169	1.34
3170	1.28
3171	1.23
3172	2.03
3173	1.8
3174	1.84
3175	0.38
3176	2.3
3177	1.06
3178	1.32
3179	1.69
3180	1.79
3181	1.45
3182	1.94
3183	1.51
3184	1.21
3185	1.5
3186	1.72
3187	1.47
3188	1.02
3189	0.95
3190	1.24
3191	1.92
3192	1.49
3193	1.64
3194	1.37
3195	0.63
3196	1.78
3197	1.09
3198	1.73
3199	1.48
3200	1.31
3201	0.49
3202	1.33
3203	1.8
3204	0.52
3205	1.58
3206	1.52
3207	1.53
3208	1.94
3209	2.15
3210	1.38
3211	2.15
3212	1.55
3213	1.3
3214	0.76
3215	1.01
3216	0.99
3217	1.28
3218	1.49
3219	1.22
3220	1.77
3221	1.26
3222	1.87
3223	1.96
3224	0.87
3225	1.43
3226	1.96
3227	1.93
3228	1.35
3229	1.34
3230	0.91
3231	1.86
3232	1.34
3233	2.0
3234	2.03
3235	1.35
3236	1.65
3237	1.19
3238	1.49
3239	1.97
3240	0.61
3241	1.12
3242	1.14
3243	0.92
3244	1.68
3245	1.24
3246	1.36
3247	1.66
3248	2.01
3249	1.0
3250	1.18
3251	1.03
3252	1.35
3253	0.94
3254	1.83
3255	1.16
3256	1.77
3257	1.49
3258	1.54
3259	0.71
3260	1.57
3261	1.27
3262	1.78
3263	0.99
3264	1.6
3265	1.07
3266	0.98
3267	1.42
3268	1.21
3269	1.46
3270	1.43
3271	1.39
3272	1.32
3273	1.65
3274	1.65
3275	1.65
3276	1.32
3277	2.32
3278	1.31
3279	2.11
3280	1.04
3281	1.46
3282	1.36
3283	1.63
3284	1.56
3285	0.96
3286	0.81
3287	1.31
3288	1.47
3289	1.77
3290	1.87
3291	1.13
3292	2.12
3293	1.13
3294	1.71
3295	1.46
3296	1.07
3297	0.52
3298	0.91
3299	1.8
3300	1.71
3301	1.71
3302	2.09
3303	0.81
3304	1.81
3305	0.95
3306	1.62
3307	1.22
3308	1.16
3309	1.31
3310	1.29
3311	1.36
3312	0.83
3313	1.2
3314	1.0
3315	1.56
3316	1.19
3317	1.36
3318	1.8
3319	1.64
3320	1.32
3321	1.59
3322	1.75
3323	1.35
3324	1.38
3325	0.91
3326	1.99
3327	1.09
3328	1.27
3329	0.88
3330	1.26
3331	1.23
3332	1.43
3333	1.63
3334	1.48
3335	2.56
3336	1.09
3337	1.53
3338	1.02
3339	1.09
3340	0.76
3341	1.17
3342	0.95
3343	1.29
3344	2.01
3345	1.58
3346	1.7
3347	1.49
3348	0.92
3349	1.16
3350	1.47
3351	0.83
3352	2.25
3353	1.36
3354	1.64
3355	1.06
3356	0.94
3357	1.67
3358	1.65
3359	1.56
3360	0.97
3361	1.75
3362	1.36
3363	1.22
3364	1.89
3365	1.6
3366	1.54
3367	1.17
3368	1.11
3369	1.03
3370	0.86
3371	1.38
3372	0.74
3373	1.25
3374	1.46
3375	1.76
3376	1.51
3377	1.62
3378	1.28
3379	1.5
3380	1.38
3381	1.28
3382	1.85
3383	1.99
3384	1.44
3385	1.53
3386	1.6
3387	1.1
3388	1.53
3389	1.47
3390	1.19
3391	1.6
3392	1.87
3393	0.95
3394	1.3
3395	1.37
3396	0.9
3397	1.14
3398	1.63
3399	0.74
3400	1.82
3401	1.32
3402	1.34
3403	1.59
3404	1.06
3405	1.81
3406	1.31
3407	0.64
3408	1.06
3409	1.82
3410	1.19
3411	2.15
3412	1.31
3413	2.01
3414	1.88
3415	1.03
3416	1.94
3417	1.63
3418	1.68
3419	1.56
3420	0.9
3421	1.74
3422	1.11
3423	1.49
3424	1.46
3425	1.58
3426	0.86
3427	1.06
3428	1.57
3429	1.81
3430	1.84
3431	1.34
3432	1.98
3433	1.46
3434	2.07
3435	1.3
3436	1.76
3437	1.99
3438	1.18
3439	2.01
3440	1.27
3441	1.62
3442	2.25
3443	1.29
3444	2.02
3445	1.05
3446	1.89
3447	1.6
3448	2.47
3449	1.16
3450	1.72
3451	0.73
3452	1.37
3453	0.98
3454	1.19
3455	1.48
3456	1.11
3457	2.07
3458	1.75
3459	1.34
3460	1.07
3461	2.19
3462	1.03
3463	1.84
3464	0.83
3465	1.1
3466	1.11
3467	1.82
3468	1.56
3469	0.91
3470	0.89
3471	2.04
3472	0.96
3473	1.16
3474	1.77
3475	0.68
3476	2.0
3477	1.2
3478	0.98
3479	1.27
3480	1.67
3481	1.35
3482	1.9
3483	1.53
3484	1.82
3485	1.63
3486	1.59
3487	1.85
3488	1.36
3489	2.32
3490	1.57
3491	0.87
3492	0.92
3493	1.22
3494	2.21
3495	2.17
3496	1.93
3497	1.7
3498	1.25
3499	1.21
3500	1.47
3501	1.36
3502	1.96
3503	2.08
3504	1.79
3505	1.4
3506	1.06
3507	1.35
3508	1.12
3509	0.95
3510	0.96
3511	1.77
3512	1.43
3513	1.95
3514	1.88
3515	1.82
3516	2.61
3517	1.67
3518	1.22
3519	1.41
3520	1.2
3521	0.99
3522	1.07
3523	1.84
3524	1.13
3525	1.24
3526	1.5
3527	1.6
3528	1.48
3529	1.84
3530	1.68
3531	2.18
3532	0.82
3533	1.6
3534	1.19
3535	1.39
3536	1.42
3537	1.95
3538	1.66
3539	1.33
3540	1.5
3541	1.09
3542	1.92
3543	1.69
3544	1.26
3545	1.06
3546	0.99
3547	1.58
3548	1.24
3549	2.2
3550	1.42
3551	0.68
3552	1.6
3553	1.43
3554	1.77
3555	1.72
3556	2.26
3557	1.61
3558	1.0
3559	1.28
3560	1.59
3561	1.15
3562	1.26
3563	1.53
3564	1.88
3565	1.21
3566	2.01
3567	1.71
3568	1.08
3569	0.56
3570	1.42
3571	1.96
3572	1.65
3573	0.82
3574	0.93
3575	1.97
3576	1.42
3577	1.38
3578	1.08
3579	1.15
3580	1.11
3581	1.9
3582	1.14
3583	1.87
3584	1.33
3585	0.98
3586	1.3
3587	1.44
3588	0.8
3589	1.02
3590	1.2
3591	1.86
3592	1.21
3593	1.83
3594	1.99
3595	1.06
3596	1.31
3597	2.13
3598	1.39
3599	1.42
3600	1.42
3601	1.61
3602	1.81
3603	1.6
3604	1.75
3605	1.55
3606	0.88
3607	1.9
3608	1.2
3609	1.99
3610	1.4
3611	1.51
3612	1.2
3613	0.71
3614	1.88
3615	1.79
3616	1.46
3617	1.46
3618	1.75
3619	1.95
3620	0.48
3621	0.92
3622	0.87
3623	1.9
3624	1.67
3625	2.2
3626	0.64
3627	1.58
3628	2.45
3629	1.46
3630	1.57
3631	1.14
3632	1.88
3633	1.65
3634	2.41
3635	0.98
3636	1.76
3637	1.44
3638	1.11
3639	1.5
3640	1.18
3641	1.43
3642	1.56
3643	1.51
3644	1.26
3645	1.4
3646	1.13
3647	1.35
3648	1.9
3649	1.55
3650	1.04
3651	1.69
3652	1.19
3653	1.08
3654	1.29
3655	1.54
3656	1.62
3657	1.01
3658	1.44
3659	1.67
3660	1.31
3661	1.98
3662	1.7
3663	1.48
3664	0.92
3665	1.02
3666	0.9
3667	1.52
3668	1.1
3669	1.72
3670	1.35
3671	1.49
3672	2.07
3673	1.26
3674	1.23
3675	0.75
3676	1.56
3677	0.78
3678	1.43
3679	1.32
3680	1.65
3681	0.67
3682	1.14
3683	0.73
3684	1.22
3685	2.06
3686	1.26
3687	1.75
3688	1.39
3689	1.12
3690	1.2
3691	1.45
3692	1.23
3693	1.82
3694	1.96
3695	1.59
3696	1.96
3697	1.11
3698	1.29
3699	1.46
3700	1.27
3701	1.54
3702	1.6
3703	0.94
3704	1.18
3705	1.18
3706	1.87
3707	1.76
3708	1.51
3709	1.61
3710	1.09
3711	1.33
3712	2.09
3713	1.54
3714	1.4
3715	1.83
3716	1.02
3717	1.31
3718	1.27
3719	1.35
3720	0.34
3721	1.59
3722	1.47
3723	1.92
3724	1.53
3725	1.23
3726	0.95
3727	1.67
3728	1.04
3729	1.18
3730	1.46
3731	1.33
3732	1.13
3733	0.99
3734	1.04
3735	1.78
3736	1.43
3737	1.31
3738	1.58
3739	1.48
3740	2.13
3741	1.19
3742	1.48
3743	1.3
3744	1.35
3745	1.46
3746	1.74
3747	1.35
3748	0.76
3749	1.58
3750	0.86
3751	1.86
3752	1.28
3753	0.63
3754	1.94
3755	1.47
3756	1.56
3757	1.45
3758	0.69
3759	1.44
3760	1.36
3761	1.77
3762	1.69
3763	0.62
3764	1.43
3765	1.24
3766	1.44
3767	1.59
3768	1.42
3769	1.52
3770	1.53
3771	1.6
3772	1.61
3773	1.66
3774	1.68
3775	1.45
3776	1.59
3777	1.81
3778	1.91
3779	1.29
3780	0.81
3781	1.77
3782	1.44
3783	1.57
3784	1.79
3785	1.94
3786	1.62
3787	1.24
3788	1.55
3789	1.44
3790	1.61
3791	1.9
3792	1.1
3793	1.97
3794	2.14
3795	1.16
3796	1.02
3797	0.87
3798	1.67
3799	1.29
3800	1.73
3801	1.14
3802	1.52
3803	1.74
3804	0.97
3805	1.63
3806	0.86
3807	1.25
3808	1.64
3809	1.38
3810	2.12
3811	1.09
3812	0.88
3813	0.92
3814	0.92
3815	1.5
3816	1.91
3817	1.53
3818	1.11
3819	0.54
3820	1.83
3821	1.61
3822	0.82
3823	1.15
3824	1.71
3825	2.04
3826	1.46
3827	0.89
3828	1.79
3829	1.2
3830	1.44
3831	1.67
3832	1.28
3833	1.67
3834	1.64
3835	2.23
3836	1.19
3837	1.48
3838	1.36
3839	1.66
3840	1.06
3841	1.26
3842	1.52
3843	1.85
3844	0.88
3845	1.9
3846	1.44
3847	1.17
3848	1.55
3849	1.47
3850	1.75
3851	1.08
3852	0.98
3853	1.35
3854	1.94
3855	1.71
3856	1.52
3857	1.37
3858	1.31
3859	1.72
3860	1.32
3861	1.32
3862	1.85
3863	1.26
3864	1.47
3865	1.52
3866	1.71
3867	1.51
3868	0.98
3869	1.57
3870	1.52
3871	1.09
3872	2.35
3873	1.19
3874	1.13
3875	1.43
3876	1.24
3877	1.34
3878	1.22
3879	1.05
3880	1.64
3881	1.93
3882	1.17
3883	1.38
3884	1.62
3885	2.51
3886	1.49
3887	1.69
3888	1.42
3889	1.44
3890	1.57
3891	1.06
3892	1.63
3893	1.41
3894	1.21
3895	1.09
3896	2.08
3897	1.23
3898	0.63
3899	2.04
3900	1.02
3901	1.59
3902	1.52
3903	0.9
3904	1.41
3905	1.77
3906	1.61
3907	1.26
3908	0.46
3909	1.65
3910	0.74
3911	1.09
3912	1.61
3913	1.65
3914	1.95
3915	1.15
3916	1.58
3917	1.71
3918	1.5
3919	1.39
3920	1.71
3921	1.23
3922	1.13
3923	1.28
3924	1.1
3925	1.65
3926	1.16
3927	1.7
3928	1.69
3929	2.12
3930	2.24
3931	2.02
3932	2.26
3933	1.79
3934	1.15
3935	1.8
3936	1.18
3937	1.96
3938	1.75
3939	1.9
3940	1.87
3941	2.02
3942	2.31
3943	1.99
3944	2.15
3945	1.33
3946	1.21
3947	2.02
3948	1.67
3949	1.24
3950	1.33
3951	1.75
3952	1.23
3953	1.61
3954	1.67
3955	2.05
3956	0.93
3957	1.6
3958	1.25
3959	1.75
3960	1.31
3961	2.02
3962	1.42
3963	1.45
3964	0.64
3965	1.15
3966	1.83
3967	1.9
3968	1.69
3969	0.45
3970	1.36
3971	1.39
3972	1.83
3973	1.92
3974	1.38
3975	1.2
3976	1.27
3977	1.23
3978	1.22
3979	1.46
3980	0.5
3981	1.51
3982	1.49
3983	1.57
3984	1.63
3985	1.13
3986	1.29
3987	1.96
3988	1.83
3989	1.26
3990	1.33
3991	0.8
3992	1.3
3993	0.8
3994	1.45
3995	1.48
3996	1.64
3997	0.46
3998	2.36
3999	1.59
4000	1.08
4001	1.51
4002	0.59
4003	1.44
4004	2.38
4005	1.21
4006	2.07
4007	1.71
4008	1.34
4009	1.61
4010	2.38
4011	1.71
4012	1.02
4013	1.55
4014	1.1
4015	1.55
4016	1.77
4017	1.7
4018	1.21
4019	1.35
4020	1.53
4021	1.98
4022	1.43
4023	1.87
4024	1.11
4025	0.57
4026	1.82
4027	1.46
4028	1.51
4029	1.6
4030	2.1
4031	1.8
4032	2.39
4033	1.21
4034	1.51
4035	1.48
4036	1.09
4037	1.68
4038	2.05
4039	1.48
4040	0.93
4041	1.02
4042	1.18
4043	0.88
4044	1.75
4045	0.38
4046	1.12
4047	1.18
4048	0.85
4049	0.88
4050	0.82
4051	1.44
4052	1.03
4053	1.67
4054	1.38
4055	1.18
4056	1.35
4057	1.19
4058	1.17
4059	0.74
4060	1.74
4061	1.47
4062	0.81
4063	1.27
4064	1.48
4065	1.85
4066	1.64
4067	0.99
4068	1.06
4069	1.32
4070	1.14
4071	1.08
4072	1.11
4073	1.19
4074	1.15
4075	1.41
4076	1.37
4077	1.14
4078	1.77
4079	0.93
4080	1.28
4081	1.65
4082	1.47
4083	1.64
4084	1.39
4085	1.94
4086	1.99
4087	0.58
4088	2.06
4089	1.18
4090	1.72
4091	2.12
4092	1.59
4093	1.27
4094	1.0
4095	1.91
4096	1.93
4097	0.76
4098	1.33
4099	1.69
4100	0.94
4101	1.53
4102	0.91
4103	1.67
4104	1.12
4105	1.18
4106	2.17
4107	1.54
4108	0.89
4109	1.13
4110	1.28
4111	1.52
4112	1.35
4113	2.24
4114	1.11
4115	1.87
4116	0.35
4117	2.04
4118	1.86
4119	1.46
4120	0.96
4121	1.49
4122	1.85
4123	1.53
4124	1.36
4125	0.74
4126	1.66
4127	1.64
4128	2.32
4129	1.32
4130	1.36
4131	1.91
4132	0.88
4133	2.36
4134	1.41
4135	1.34
4136	0.69
4137	1.85
4138	2.19
4139	0.47
4140	1.73
4141	1.45
4142	1.24
4143	2.03
4144	1.39
4145	0.98
4146	1.65
4147	1.47
4148	1.17
4149	1.32
4150	1.72
4151	1.61
4152	1.82
4153	1.74
4154	1.52
4155	1.89
4156	1.69
4157	1.06
4158	1.52
4159	0.95
4160	1.11
4161	1.37
4162	1.71
4163	1.46
4164	1.42
4165	1.8
4166	1.52
4167	1.87
4168	1.1
4169	2.16
4170	1.25
4171	1.33
4172	1.81
4173	0.63
4174	1.83
4175	1.49
4176	1.42
4177	1.5
4178	1.46
4179	0.81
4180	1.59
4181	1.07
4182	0.84
4183	1.35
4184	1.59
4185	1.43
4186	1.59
4187	0.81
4188	1.47
4189	1.37
4190	1.74
4191	1.13
4192	1.45
4193	1.91
4194	1.53
4195	1.21
4196	1.91
4197	1.54
4198	1.08
4199	1.13
4200	1.49
4201	1.68
4202	1.39
4203	1.22
4204	1.47
4205	1.14
4206	1.69
4207	0.98
4208	1.26
4209	0.95
4210	2.1
4211	1.74
4212	1.32
4213	1.57
4214	1.4
4215	1.57
4216	1.78
4217	0.77
4218	1.49
4219	1.36
4220	2.02
4221	1.02
4222	2.22
4223	1.52
4224	1.25
4225	0.68
4226	1.2
4227	2.12
4228	1.34
4229	1.59
4230	1.25
4231	0.81
4232	1.75
4233	1.58
4234	1.37
4235	1.62
4236	1.25
4237	0.67
4238	1.05
4239	1.94
4240	2.22
4241	1.41
4242	1.24
4243	1.02
4244	1.28
4245	0.68
4246	1.29
4247	1.19
4248	1.48
4249	1.46
4250	1.42
4251	1.98
4252	1.73
4253	0.75
4254	1.38
4255	1.31
4256	1.67
4257	1.65
4258	1.76
4259	1.11
4260	1.77
4261	2.12
4262	1.74
4263	1.71
4264	1.77
4265	1.06
4266	2.04
4267	1.95
4268	1.46
4269	1.69
4270	1.42
4271	1.46
4272	1.94
4273	1.49
4274	0.96
4275	1.54
4276	1.23
4277	1.48
4278	1.19
4279	1.18
4280	0.4
4281	1.08
4282	2.21
4283	1.51
4284	0.96
4285	1.61
4286	2.36
4287	0.91
4288	1.19
4289	1.84
4290	1.47
4291	1.99
4292	1.91
4293	0.87
4294	1.76
4295	1.06
4296	1.24
4297	0.89
4298	1.66
4299	1.48
4300	1.6
4301	0.83
4302	0.9
4303	0.45
4304	1.63
4305	0.43
4306	1.04
4307	1.63
4308	1.48
4309	1.46
4310	1.91
4311	1.37
4312	2.4
4313	1.46
4314	1.72
4315	1.48
4316	1.73
4317	1.22
4318	1.3
4319	1.67
4320	1.73
4321	1.37
4322	1.96
4323	1.28
4324	1.15
4325	1.48
4326	1.11
4327	0.79
4328	1.94
4329	1.56
4330	1.48
4331	1.21
4332	1.13
4333	1.43
4334	1.96
4335	0.79
4336	1.6
4337	1.56
4338	0.98
4339	0.97
4340	0.84
4341	1.42
4342	1.52
4343	1.5
4344	2.03
4345	1.38
4346	1.11
4347	1.89
4348	1.74
4349	1.55
4350	1.89
4351	1.69
4352	1.57
4353	1.92
4354	1.09
4355	1.72
4356	1.43
4357	2.23
4358	1.61
4359	1.67
4360	1.98
4361	1.72
4362	1.73
4363	0.37
4364	0.82
4365	1.11
4366	1.18
4367	1.65
4368	1.47
4369	2.29
4370	1.44
4371	1.26
4372	1.26
4373	1.74
4374	1.92
4375	2.0
4376	1.76
4377	1.52
4378	1.44
4379	0.8
4380	1.65
4381	1.54
4382	0.7
4383	0.99
4384	1.54
4385	1.67
4386	1.42
4387	1.67
4388	0.99
4389	0.76
4390	1.88
4391	0.7
4392	1.15
4393	1.24
4394	0.81
4395	1.33
4396	0.68
4397	1.19
4398	1.57
4399	1.44
4400	1.53
4401	1.94
4402	1.65
4403	1.76
4404	1.79
4405	1.03
4406	1.05
4407	1.29
4408	1.73
4409	2.45
4410	1.18
4411	2.14
4412	1.8
4413	1.74
4414	1.23
4415	1.5
4416	1.88
4417	1.28
4418	1.24
4419	1.96
4420	1.88
4421	1.92
4422	2.34
4423	1.94
4424	2.02
4425	1.92
4426	1.24
4427	1.51
4428	1.48
4429	1.64
4430	2.21
4431	1.57
4432	1.88
4433	0.76
4434	1.21
4435	1.2
4436	1.12
4437	1.36
4438	1.37
4439	2.0
4440	1.62
4441	1.4
4442	1.57
4443	0.98
4444	0.83
4445	1.1
4446	1.95
4447	1.71
4448	1.22
4449	1.61
4450	1.6
4451	1.73
4452	0.88
4453	1.33
4454	0.07
4455	1.62
4456	1.35
4457	1.29
4458	0.99
4459	1.56
4460	1.89
4461	1.65
4462	1.57
4463	1.99
4464	1.11
4465	1.36
4466	1.42
4467	1.53
4468	0.86
4469	1.78
4470	2.12
4471	0.96
4472	1.69
4473	1.63
4474	1.66
4475	1.29
4476	1.04
4477	1.48
4478	1.29
4479	2.06
4480	1.66
4481	0.88
4482	1.36
4483	1.21
4484	1.18
4485	1.9
4486	2.27
4487	0.59
4488	0.92
4489	1.53
4490	1.46
4491	1.58
4492	1.11
4493	1.94
4494	1.7
4495	1.33
4496	1.35
4497	1.35
4498	1.39
4499	2.15
4500	1.91
4501	1.2
4502	1.3
4503	1.32
4504	1.29
4505	1.68
4506	0.41
4507	1.52
4508	1.17
4509	0.48
4510	1.67
4511	1.45
4512	0.88
4513	1.8
4514	1.61
4515	1.69
4516	1.49
4517	1.69
4518	1.06
4519	2.06
4520	1.74
4521	0.98
4522	1.21
4523	2.0
4524	0.71
4525	1.24
4526	1.63
4527	0.83
4528	2.12
4529	1.09
4530	1.64
4531	1.76
4532	1.0
4533	1.7
4534	0.87
4535	1.47
4536	1.39
4537	2.01
4538	0.72
4539	1.15
4540	1.23
4541	1.25
4542	2.04
4543	1.11
4544	1.14
4545	0.84
4546	1.77
4547	1.05
4548	1.57
4549	1.03
4550	1.46
4551	2.13
4552	1.86
4553	1.57
4554	1.28
4555	1.62
4556	1.6
4557	1.31
4558	1.67
4559	1.14
4560	0.89
4561	1.56
4562	1.24
4563	1.73
4564	2.28
4565	1.0
4566	0.72
4567	1.71
4568	1.42
4569	1.65
4570	1.01
4571	2.3
4572	1.7
4573	1.11
4574	1.21
4575	1.53
4576	1.42
4577	1.99
4578	1.19
4579	0.46
4580	1.41
4581	1.67
4582	1.97
4583	1.01
4584	0.65
4585	0.99
4586	1.57
4587	1.74
4588	1.78
4589	0.83
4590	1.56
4591	1.1
4592	1.48
4593	1.13
4594	1.51
4595	1.87
4596	2.02
4597	1.42
4598	2.29
4599	1.42
4600	1.75
4601	0.68
4602	1.19
4603	1.81
4604	1.24
4605	1.65
4606	1.17
4607	1.57
4608	1.78
4609	1.53
4610	1.14
4611	1.57
4612	1.85
4613	1.51
4614	1.03
4615	1.19
4616	1.53
4617	1.56
4618	0.83
4619	1.62
4620	0.88
4621	1.57
4622	1.51
4623	1.8
4624	1.25
4625	1.58
4626	1.63
4627	1.28
4628	0.98
4629	1.99
4630	1.52
4631	2.42
4632	1.23
4633	1.55
4634	1.21
4635	1.54
4636	0.81
4637	1.9
4638	1.87
4639	0.73
4640	1.31
4641	1.2
4642	1.78
4643	1.72
4644	1.06
4645	1.32
4646	1.77
4647	1.19
4648	1.2
4649	1.67
4650	1.41
4651	1.36
4652	1.22
4653	1.43
4654	1.2
4655	1.42
4656	1.51
4657	1.03
4658	1.68
4659	1.52
4660	1.86
4661	1.84
4662	1.92
4663	1.55
4664	2.04
4665	1.36
4666	1.54
4667	0.89
4668	0.22
4669	2.12
4670	1.67
4671	1.24
4672	0.89
4673	1.58
4674	1.81
4675	1.63
4676	1.44
4677	0.89
4678	1.06
4679	1.96
4680	1.44
4681	1.28
4682	0.92
4683	1.56
4684	2.0
4685	1.21
4686	2.0
4687	1.08
4688	1.48
4689	1.66
4690	1.12
4691	1.33
4692	1.9
4693	1.52
4694	1.04
4695	0.94
4696	1.41
4697	1.5
4698	1.52
4699	1.91
4700	1.35
4701	1.39
4702	1.1
4703	1.28
4704	1.11
4705	1.41
4706	0.71
4707	0.31
4708	1.9
4709	2.21
4710	1.66
4711	0.85
4712	1.67
4713	1.06
4714	2.53
4715	2.19
4716	1.41
4717	1.48
4718	1.42
4719	1.58
4720	1.72
4721	0.98
4722	2.16
4723	1.2
4724	1.7
4725	1.45
4726	1.03
4727	2.15
4728	2.27
4729	1.98
4730	1.11
4731	1.27
4732	2.38
4733	1.33
4734	0.96
4735	1.24
4736	1.37
4737	1.34
4738	1.3
4739	1.78
4740	0.51
4741	1.68
4742	1.26
4743	1.45
4744	1.46
4745	1.08
4746	1.62
4747	1.32
4748	0.96
4749	0.77
4750	1.91
4751	0.78
4752	1.06
4753	2.13
4754	1.62
4755	1.27
4756	1.42
4757	1.7
4758	1.23
4759	1.44
4760	1.96
4761	1.7
4762	1.29
4763	1.27
4764	1.06
4765	1.63
4766	1.17
4767	1.03
4768	0.85
4769	1.39
4770	1.57
4771	1.16
4772	1.05
4773	1.47
4774	1.44
4775	1.65
4776	1.47
4777	2.11
4778	1.33
4779	1.04
4780	1.52
4781	1.22
4782	1.33
4783	1.49
4784	1.57
4785	1.74
4786	1.39
4787	0.63
4788	1.39
4789	1.7
4790	1.26
4791	1.4
4792	1.33
4793	1.19
4794	1.76
4795	1.65
4796	1.67
4797	1.34
4798	1.04
4799	1.24
4800	1.65
4801	2.02
4802	1.21
4803	1.76
4804	1.52
4805	1.9
4806	1.87
4807	1.58
4808	1.56
4809	1.2
4810	1.16
4811	1.71
4812	1.03
4813	1.45
4814	1.81
4815	1.2
4816	1.64
4817	1.68
4818	1.35
4819	0.97
4820	1.32
4821	0.84
4822	0.66
4823	1.3
4824	0.91
4825	1.74
4826	1.52
4827	1.54
4828	1.1
4829	1.48
4830	1.74
4831	1.66
4832	1.07
4833	2.07
4834	1.14
4835	1.39
4836	1.49
4837	1.36
4838	1.01
4839	0.56
4840	0.7
4841	0.79
4842	1.48
4843	1.63
4844	1.75
4845	2.39
4846	1.25
4847	1.83
4848	1.49
4849	1.85
4850	1.41
4851	1.22
4852	1.85
4853	1.23
4854	1.17
4855	1.29
4856	1.93
4857	2.38
4858	1.47
4859	1.19
4860	1.06
4861	1.56
4862	1.14
4863	0.62
4864	0.99
4865	1.77
4866	2.26
4867	2.2
4868	2.07
4869	1.73
4870	0.72
4871	1.41
4872	1.89
4873	1.14
4874	1.71
4875	1.71
4876	1.07
4877	1.08
4878	1.51
4879	1.39
4880	0.93
4881	1.03
4882	1.2
4883	1.26
4884	1.4
4885	1.48
4886	1.3
4887	1.16
4888	1.19
4889	1.23
4890	1.53
4891	1.12
4892	1.66
4893	1.64
4894	1.33
4895	1.98
4896	1.38
4897	1.9
4898	1.27
4899	1.78
4900	1.29
4901	1.89
4902	2.47
4903	1.06
4904	1.99
4905	1.44
4906	1.13
4907	1.23
4908	1.61
4909	1.38
4910	1.55
4911	1.95
4912	1.26
4913	1.58
4914	1.06
4915	1.59
4916	2.34
4917	1.82
4918	1.26
4919	0.94
4920	1.96
4921	1.81
4922	1.64
4923	1.34
4924	1.63
4925	1.33
4926	1.91
4927	0.97
4928	1.25
4929	1.19
4930	1.36
4931	1.3
4932	1.18
4933	1.55
4934	1.95
4935	1.9
4936	1.09
4937	0.51
4938	1.0
4939	1.56
4940	1.73
4941	1.28
4942	1.71
4943	0.82
4944	1.44
4945	2.18
4946	1.66
4947	1.2
4948	1.49
4949	0.95
4950	1.51
4951	1.54
4952	1.39
4953	1.67
4954	1.38
4955	1.21
4956	1.21
4957	1.96
4958	1.31
4959	1.11
4960	1.93
4961	1.61
4962	1.56
4963	1.33
4964	1.52
4965	1.93
4966	1.77
4967	1.92
4968	1.21
4969	1.7
4970	2.2
4971	1.8
4972	2.15
4973	0.82
4974	1.32
4975	1.68
4976	1.38
4977	1.64
4978	0.73
4979	1.39
4980	1.23
4981	1.16
4982	1.98
4983	0.93
4984	1.0
4985	1.8
4986	1.79
4987	1.58
4988	1.0
4989	1.6
4990	2.16
4991	1.91
4992	1.39
4993	0.98
4994	1.89
4995	1.22
4996	1.36
4997	1.63
4998	0.81
4999	1.75
5000	1.27
5001	1.27
5002	1.49
5003	1.68
5004	1.63
5005	0.97
5006	2.03
5007	1.45
5008	1.66
5009	1.27
5010	2.1
5011	1.43
5012	1.31
5013	1.38
5014	1.36
5015	1.65
5016	1.18
5017	1.93
5018	1.32
5019	1.34
5020	1.45
5021	1.17
5022	1.6
5023	1.62
5024	0.7
5025	0.85
5026	1.76
5027	1.41
5028	0.97
5029	1.55
5030	1.04
5031	1.67
5032	1.62
5033	1.36
5034	0.94
5035	1.28
5036	1.23
5037	1.57
5038	1.54
5039	1.37
5040	2.13
5041	1.92
5042	0.44
5043	1.75
5044	1.43
5045	1.39
5046	1.18
5047	1.92
5048	1.26
5049	1.93
5050	1.62
5051	1.53
5052	1.91
5053	1.79
5054	0.67
5055	0.65
5056	1.81
5057	1.38
5058	1.84
5059	0.96
5060	0.91
5061	1.99
5062	2.0
5063	1.72
5064	2.41
5065	0.97
5066	2.06
5067	1.34
5068	1.72
5069	1.75
5070	0.63
5071	0.92
5072	0.85
5073	1.22
5074	1.52
5075	1.77
5076	1.19
5077	1.81
5078	1.04
5079	1.13
5080	1.31
5081	1.41
5082	1.48
5083	1.12
5084	0.71
5085	1.43
5086	1.63
5087	1.59
5088	1.87
5089	2.32
5090	1.76
5091	1.42
5092	1.66
5093	1.94
5094	1.75
5095	1.36
5096	0.92
5097	1.81
5098	2.02
5099	1.69
5100	1.48
5101	1.11
5102	1.26
5103	1.31
5104	1.12
5105	1.53
5106	1.97
5107	1.56
5108	1.38
5109	1.22
5110	1.51
5111	0.66
5112	1.76
5113	1.64
5114	0.7
5115	1.4
5116	1.12
5117	1.38
5118	1.76
5119	1.76
5120	1.84
5121	1.22
5122	1.32
5123	0.92
5124	1.36
5125	1.86
5126	1.42
5127	1.42
5128	1.8
5129	0.84
5130	0.81
5131	1.33
5132	1.9
5133	1.99
5134	1.6
5135	2.06
5136	0.81
5137	1.36
5138	1.44
5139	1.14
5140	1.8
5141	1.16
5142	1.99
5143	1.47
5144	1.23
5145	2.2
5146	1.15
5147	0.65
5148	1.63
5149	1.73
5150	1.59
5151	2.08
5152	1.46
5153	1.74
5154	1.71
5155	2.03
5156	0.6
5157	1.36
5158	2.05
5159	1.41
5160	1.75
5161	1.63
5162	1.56
5163	2.48
5164	1.4
5165	1.99
5166	1.56
5167	1.62
5168	0.78
5169	1.2
5170	1.69
5171	1.93
5172	1.66
5173	1.5
5174	1.53
5175	2.21
5176	1.41
5177	1.6
5178	1.49
5179	1.62
5180	1.59
5181	1.49
5182	1.64
5183	1.22
5184	2.02
5185	1.2
5186	1.19
5187	0.55
5188	1.81
5189	1.75
5190	1.36
5191	1.14
5192	1.52
5193	1.78
5194	1.4
5195	1.59
5196	0.99
5197	1.38
5198	1.26
5199	0.91
5200	1.14
5201	1.3
5202	1.01
5203	1.73
5204	1.51
5205	2.19
5206	1.68
5207	1.02
5208	0.9
5209	1.66
5210	1.73
5211	1.44
5212	1.54
5213	1.16
5214	1.7
5215	2.04
5216	1.24
5217	1.16
5218	1.08
5219	1.26
5220	1.73
5221	1.75
5222	1.48
5223	1.19
5224	0.58
5225	2.2
5226	1.14
5227	1.47
5228	1.72
5229	1.54
5230	1.8
5231	1.35
5232	1.42
5233	1.7
5234	1.28
5235	1.45
5236	1.18
5237	1.33
5238	1.4
5239	1.38
5240	0.96
5241	0.55
5242	1.93
5243	1.43
5244	0.87
5245	1.12
5246	1.7
5247	1.65
5248	1.43
5249	1.93
5250	1.72
5251	1.55
5252	1.93
5253	1.5
5254	1.72
5255	1.98
5256	1.67
5257	1.04
5258	1.12
5259	1.93
5260	1.28
5261	0.72
5262	1.81
5263	1.56
5264	0.99
5265	1.55
5266	2.01
5267	1.11
5268	1.09
5269	1.2
5270	1.58
5271	1.32
5272	1.73
5273	0.85
5274	2.1
5275	1.56
5276	1.54
5277	0.75
5278	1.32
5279	1.75
5280	1.42
5281	1.73
5282	1.33
5283	1.25
5284	1.73
5285	1.87
5286	1.68
5287	1.27
5288	1.88
5289	1.11
5290	1.28
5291	0.42
5292	2.03
5293	1.87
5294	0.91
5295	0.83
5296	1.86
5297	2.0
5298	1.97
5299	0.49
5300	0.87
5301	1.31
5302	1.11
5303	1.36
5304	1.87
5305	0.89
5306	2.06
5307	1.39
5308	1.58
5309	1.73
5310	1.4
5311	1.19
5312	1.78
5313	2.22
5314	1.42
5315	1.57
5316	1.1
5317	1.09
5318	1.78
5319	0.97
5320	1.57
5321	2.14
5322	2.13
5323	1.26
5324	1.39
5325	1.34
5326	1.29
5327	1.03
5328	1.27
5329	1.4
5330	1.29
5331	0.94
5332	1.15
5333	1.54
5334	1.5
5335	1.25
5336	1.83
5337	1.01
5338	1.04
5339	1.24
5340	2.29
5341	1.73
5342	2.03
5343	0.79
5344	0.78
5345	1.0
5346	0.79
5347	1.98
5348	1.54
5349	1.48
5350	1.18
5351	1.13
5352	1.61
5353	1.08
5354	1.12
5355	2.14
5356	1.64
5357	1.25
5358	1.49
5359	2.06
5360	1.54
5361	1.68
5362	1.47
5363	1.49
5364	2.16
5365	1.66
5366	1.61
5367	1.45
5368	1.65
5369	1.62
5370	1.35
5371	1.09
5372	0.36
5373	1.73
5374	1.71
5375	0.78
5376	1.58
5377	1.29
5378	1.02
5379	1.73
5380	1.42
5381	0.74
5382	1.4
5383	0.61
5384	1.36
5385	1.81
5386	1.74
5387	0.86
5388	1.48
5389	1.75
5390	1.68
5391	1.01
5392	1.65
5393	1.31
5394	1.46
5395	1.26
5396	1.31
5397	2.02
5398	1.1
5399	0.97
5400	2.11
5401	1.86
5402	1.49
5403	1.54
5404	1.66
5405	1.4
5406	1.72
5407	1.6
5408	1.39
5409	1.55
5410	1.74
5411	1.1
5412	1.39
5413	1.75
5414	1.5
5415	1.24
5416	1.64
5417	1.28
5418	1.42
5419	1.75
5420	0.66
5421	1.02
5422	0.92
5423	1.65
5424	1.67
5425	1.28
5426	1.36
5427	1.46
5428	1.29
5429	1.72
5430	0.81
5431	1.57
5432	1.86
5433	1.16
5434	1.51
5435	1.22
5436	1.77
5437	1.31
5438	0.92
5439	1.88
5440	1.91
5441	1.57
5442	1.24
5443	0.93
5444	2.16
5445	1.69
5446	1.72
5447	1.72
5448	1.46
5449	1.44
5450	1.58
5451	1.71
5452	1.77
5453	1.82
5454	1.27
5455	1.66
5456	1.64
5457	1.96
5458	0.98
5459	0.69
5460	1.66
5461	1.46
5462	1.22
5463	0.95
5464	1.6
5465	1.21
5466	1.36
5467	1.12
5468	0.93
5469	1.64
5470	1.09
5471	1.48
5472	0.68
5473	1.57
5474	0.91
5475	1.53
5476	2.04
5477	1.66
5478	1.04
5479	1.39
5480	1.59
5481	1.59
5482	1.5
5483	0.92
5484	1.43
5485	1.95
5486	1.82
5487	1.96
5488	2.25
5489	0.63
5490	1.83
5491	1.26
5492	0.72
5493	1.53
5494	1.5
5495	1.4
5496	1.38
5497	1.58
5498	1.52
5499	1.56
5500	0.69
5501	1.63
5502	1.67
5503	1.79
5504	1.08
5505	1.74
5506	1.83
5507	1.51
5508	0.75
5509	1.64
5510	1.22
5511	1.73
5512	1.04
5513	1.25
5514	0.98
5515	1.33
5516	1.75
5517	0.34
5518	1.2
5519	0.98
5520	1.21
5521	2.0
5522	1.39
5523	0.99
5524	1.06
5525	1.78
5526	1.33
5527	0.76
5528	0.79
5529	1.1
5530	1.97
5531	1.23
5532	1.69
5533	1.59
5534	1.32
5535	1.3
5536	1.0
5537	1.08
5538	1.56
5539	1.48
5540	1.77
5541	1.27
5542	2.29
5543	0.3
5544	1.41
5545	1.89
5546	1.12
5547	1.97
5548	0.6
5549	1.16
5550	1.66
5551	1.06
5552	1.48
5553	1.24
5554	2.12
5555	1.36
5556	1.22
5557	0.98
5558	1.8
5559	1.79
5560	2.25
5561	2.02
5562	1.38
5563	0.69
5564	1.12
5565	1.0
5566	1.59
5567	2.15
5568	1.28
5569	1.82
5570	1.32
5571	1.68
5572	1.39
5573	1.04
5574	1.52
5575	1.15
5576	1.08
5577	1.21
5578	2.14
5579	1.3
5580	0.96
5581	0.77
5582	1.79
5583	1.47
5584	1.32
5585	1.75
5586	1.44
5587	1.85
5588	1.48
5589	1.83
5590	1.05
5591	1.66
5592	1.8
5593	1.59
5594	1.18
5595	1.28
5596	1.59
5597	1.53
5598	1.85
5599	1.52
5600	1.41
5601	1.35
5602	1.99
5603	1.42
5604	1.49
5605	2.37
5606	1.04
5607	0.81
5608	1.78
5609	1.33
5610	1.41
5611	1.32
5612	1.41
5613	1.8
5614	0.99
5615	1.77
5616	1.11
5617	1.3
5618	1.66
5619	0.68
5620	0.97
5621	1.12
5622	1.8
5623	1.14
5624	1.12
5625	0.85
5626	1.18
5627	1.83
5628	1.72
5629	0.76
5630	1.44
5631	0.91
5632	1.2
5633	1.73
5634	1.29
5635	1.99
5636	1.73
5637	1.73
5638	1.46
5639	1.2
5640	1.42
5641	1.44
5642	0.53
5643	1.66
5644	1.69
5645	1.88
5646	1.36
5647	0.96
5648	1.22
5649	1.43
5650	1.86
5651	1.34
5652	1.2
5653	1.16
5654	1.08
5655	1.42
5656	0.98
5657	1.03
5658	1.61
5659	1.74
5660	1.45
5661	1.37
5662	0.83
5663	1.4
5664	1.14
5665	1.85
5666	1.82
5667	1.56
5668	2.05
5669	2.38
5670	1.47
5671	0.99
5672	1.19
5673	1.66
5674	1.2
5675	2.12
5676	1.76
5677	2.05
5678	1.1
5679	1.28
5680	1.87
5681	1.29
5682	1.93
5683	1.46
5684	1.66
5685	1.07
5686	1.66
5687	1.3
5688	1.88
5689	1.3
5690	1.01
5691	1.14
5692	1.87
5693	1.41
5694	1.62
5695	1.45
5696	1.17
5697	1.28
5698	2.03
5699	1.61
5700	1.81
5701	1.88
5702	1.72
5703	1.84
5704	1.67
5705	1.04
5706	1.68
5707	0.88
5708	1.48
5709	0.97
5710	1.08
5711	1.47
5712	0.58
5713	2.0
5714	1.23
5715	1.7
5716	1.79
5717	0.9
5718	1.19
5719	1.37
5720	0.87
5721	2.01
5722	1.63
5723	1.84
5724	0.91
5725	1.83
5726	1.26
5727	2.59
5728	1.59
5729	1.83
5730	2.1
5731	1.63
5732	1.64
5733	1.87
5734	1.05
5735	0.68
5736	1.58
5737	1.58
5738	1.39
5739	1.36
5740	1.02
5741	1.3
5742	1.16
5743	1.87
5744	1.07
5745	1.52
5746	1.49
5747	1.91
5748	0.86
5749	1.01
5750	1.7
5751	0.96
5752	1.05
5753	1.9
5754	0.69
5755	2.07
5756	1.63
5757	1.0
5758	1.41
5759	1.33
5760	1.47
5761	0.85
5762	0.68
5763	0.58
5764	1.66
5765	0.91
5766	2.25
5767	1.98
5768	1.3
5769	1.16
5770	1.65
5771	1.63
5772	0.93
5773	0.92
5774	1.56
5775	1.81
5776	1.38
5777	1.66
5778	1.68
5779	1.17
5780	1.35
5781	1.06
5782	1.67
5783	2.1
5784	1.53
5785	1.51
5786	1.74
5787	1.15
5788	1.17
5789	1.13
5790	1.36
5791	1.63
5792	1.69
5793	1.03
5794	1.89
5795	1.38
5796	0.84
5797	1.86
5798	1.52
5799	2.06
5800	1.1
5801	2.06
5802	1.87
5803	1.37
5804	1.4
5805	0.58
5806	1.45
5807	1.15
5808	1.87
5809	1.85
5810	1.64
5811	1.36
5812	1.21
5813	1.38
5814	1.15
5815	1.55
5816	1.72
5817	1.86
5818	1.44
5819	1.45
5820	1.77
5821	1.09
5822	0.83
5823	1.19
5824	1.66
5825	1.31
5826	1.78
5827	1.44
5828	0.36
5829	1.32
5830	1.7
5831	1.34
5832	1.31
5833	1.75
5834	0.76
5835	1.38
5836	1.81
5837	1.42
5838	1.77
5839	1.52
5840	1.38
5841	1.72
5842	1.14
5843	1.49
5844	1.72
5845	1.57
5846	1.4
5847	1.37
5848	1.18
5849	1.35
5850	1.68
5851	2.04
5852	1.38
5853	1.47
5854	1.49
5855	1.64
5856	0.95
5857	1.31
5858	1.37
5859	2.12
5860	2.04
5861	1.24
5862	1.58
5863	1.94
5864	1.13
5865	1.54
5866	1.45
5867	1.07
5868	1.06
5869	0.91
5870	1.56
5871	1.16
5872	2.27
5873	1.05
5874	1.08
5875	1.05
5876	2.0
5877	1.39
5878	1.02
5879	1.79
5880	0.31
5881	1.45
5882	1.49
5883	2.01
5884	1.16
5885	1.87
5886	1.64
5887	1.49
5888	1.83
5889	1.74
5890	0.72
5891	1.42
5892	1.32
5893	1.19
5894	1.12
5895	0.85
5896	1.01
5897	1.25
5898	1.64
5899	1.85
5900	2.4
5901	1.6
5902	1.28
5903	1.88
5904	0.82
5905	1.44
5906	1.28
5907	1.38
5908	2.13
5909	1.25
5910	1.01
5911	1.46
5912	1.7
5913	2.0
5914	1.16
5915	1.06
5916	0.89
5917	1.94
5918	0.63
5919	1.84
5920	1.5
5921	1.64
5922	1.43
5923	1.2
5924	0.91
5925	2.29
5926	2.1
5927	1.71
5928	1.19
5929	1.42
5930	2.08
5931	1.42
5932	1.87
5933	1.18
5934	1.17
5935	0.79
5936	1.55
5937	1.91
5938	1.86
5939	1.46
5940	2.03
5941	1.36
5942	0.96
5943	1.53
5944	1.51
5945	1.21
5946	1.38
5947	1.92
5948	1.82
5949	1.83
5950	0.46
5951	1.27
5952	1.45
5953	1.33
5954	1.39
5955	1.54
5956	1.04
5957	1.52
5958	1.39
5959	1.92
5960	2.07
5961	0.82
5962	1.4
5963	1.48
5964	1.39
5965	0.84
5966	0.92
5967	1.44
5968	1.4
5969	2.18
5970	2.05
5971	0.91
5972	1.09
5973	1.31
5974	1.56
5975	1.42
5976	1.88
5977	1.51
5978	1.62
5979	1.31
5980	1.54
5981	1.47
5982	0.73
5983	1.17
5984	1.24
5985	0.27
5986	0.91
5987	1.35
5988	1.98
5989	1.31
5990	0.97
5991	1.47
5992	1.44
5993	1.53
5994	1.33
5995	1.3
5996	1.44
5997	2.29
5998	0.89
5999	1.43
6000	2.1
6001	1.15
6002	1.49
6003	1.57
6004	1.27
6005	1.83
6006	1.48
6007	1.32
6008	1.77
6009	1.34
6010	1.17
6011	2.27
6012	2.06
6013	1.6
6014	1.34
6015	1.6
6016	1.54
6017	1.77
6018	1.61
6019	2.02
6020	1.86
6021	1.98
6022	1.78
6023	0.37
6024	1.23
6025	1.22
6026	0.88
6027	1.62
6028	1.01
6029	1.87
6030	1.04
6031	1.23
6032	1.75
6033	1.37
6034	1.4
6035	1.68
6036	1.31
6037	1.31
6038	1.35
6039	1.46
6040	1.71
6041	1.88
6042	1.47
6043	0.99
6044	1.15
6045	1.5
6046	1.51
6047	1.66
6048	1.69
6049	2.15
6050	1.25
6051	0.66
6052	1.57
6053	1.51
6054	2.34
6055	1.47
6056	0.95
6057	2.04
6058	1.72
6059	1.3
6060	0.82
6061	1.21
6062	1.19
6063	2.13
6064	1.4
6065	1.34
6066	1.3
6067	1.98
6068	1.62
6069	2.02
6070	0.94
6071	1.41
6072	0.88
6073	1.41
6074	0.94
6075	1.7
6076	1.33
6077	2.31
6078	1.51
6079	1.78
6080	1.2
6081	1.71
6082	0.75
6083	1.72
6084	1.21
6085	2.26
6086	0.79
6087	1.44
6088	0.78
6089	0.6
6090	1.08
6091	1.19
6092	0.97
6093	1.19
6094	2.01
6095	1.51
6096	1.42
6097	1.4
6098	1.53
6099	2.04
6100	1.49
6101	1.38
6102	1.27
6103	1.66
6104	1.49
6105	1.16
6106	1.05
6107	1.08
6108	1.43
6109	1.47
6110	2.51
6111	0.86
6112	1.14
6113	1.38
6114	1.6
6115	1.69
6116	1.06
6117	2.02
6118	1.05
6119	1.13
6120	1.84
6121	1.39
6122	1.69
6123	1.3
6124	1.46
6125	1.24
6126	1.47
6127	1.49
6128	2.01
6129	1.14
6130	0.87
6131	1.28
6132	1.4
6133	1.49
6134	1.92
6135	1.21
6136	1.64
6137	1.73
6138	1.15
6139	1.13
6140	1.64
6141	1.6
6142	2.04
6143	0.82
6144	1.75
6145	2.1
6146	1.78
6147	1.18
6148	1.01
6149	1.32
6150	1.77
6151	1.69
6152	0.91
6153	1.05
6154	1.61
6155	2.47
6156	1.13
6157	1.4
6158	2.1
6159	1.28
6160	0.92
6161	1.65
6162	1.42
6163	1.42
6164	0.85
6165	1.63
6166	1.8
6167	0.68
6168	1.83
6169	1.8
6170	2.03
6171	1.47
6172	1.8
6173	1.54
6174	1.9
6175	0.75
6176	1.72
6177	0.96
6178	1.16
6179	1.08
6180	1.45
6181	0.95
6182	1.54
6183	1.34
6184	0.72
6185	1.57
6186	1.54
6187	1.31
6188	1.83
6189	1.18
6190	2.01
6191	1.62
6192	2.0
6193	1.27
6194	1.26
6195	1.32
6196	1.32
6197	1.38
6198	1.83
6199	1.61
6200	1.82
6201	1.74
6202	1.11
6203	1.37
6204	0.99
6205	1.54
6206	0.44
6207	1.63
6208	1.6
6209	2.28
6210	1.17
6211	1.21
6212	1.21
6213	1.22
6214	0.78
6215	1.26
6216	1.74
6217	1.75
6218	1.6
6219	1.37
6220	1.0
6221	0.9
6222	1.97
6223	0.96
6224	1.12
6225	1.56
6226	1.65
6227	1.42
6228	1.07
6229	0.8
6230	1.54
6231	1.81
6232	1.46
6233	1.13
6234	1.21
6235	1.81
6236	1.78
6237	2.58
6238	1.19
6239	1.59
6240	0.91
6241	1.99
6242	1.14
6243	1.54
6244	1.58
6245	1.61
6246	1.27
6247	2.03
6248	1.48
6249	2.29
6250	1.61
6251	0.87
6252	2.12
6253	1.39
6254	1.56
6255	1.55
6256	1.28
6257	1.98
6258	1.87
6259	2.09
6260	1.65
6261	1.44
6262	1.69
6263	1.74
6264	1.39
6265	1.25
6266	1.11
6267	1.48
6268	1.13
6269	1.84
6270	1.32
6271	1.46
6272	1.41
6273	2.01
6274	0.74
6275	1.63
6276	1.07
6277	1.73
6278	1.8
6279	1.14
6280	1.44
6281	1.62
6282	1.87
6283	1.36
6284	1.34
6285	2.04
6286	1.56
6287	0.74
6288	1.55
6289	1.83
6290	1.01
6291	1.6
6292	1.56
6293	1.61
6294	1.66
6295	1.77
6296	1.04
6297	1.93
6298	1.62
6299	1.03
6300	1.2
6301	1.2
6302	1.26
6303	1.31
6304	2.0
6305	1.02
6306	2.11
6307	1.43
6308	2.02
6309	1.57
6310	2.16
6311	0.96
6312	1.3
6313	1.73
6314	1.27
6315	1.1
6316	1.49
6317	1.47
6318	2.1
6319	1.21
6320	2.35
6321	1.34
6322	1.66
6323	1.47
6324	2.07
6325	1.34
6326	0.56
6327	1.07
6328	1.39
6329	1.84
6330	1.51
6331	0.65
6332	0.84
6333	2.0
6334	1.48
6335	1.73
6336	1.69
6337	1.88
6338	1.63
6339	1.4
6340	1.27
6341	1.29
6342	1.37
6343	1.29
6344	1.91
6345	0.8
6346	0.81
6347	0.8
6348	1.52
6349	1.3
6350	1.02
6351	1.56
6352	2.12
6353	1.41
6354	1.73
6355	1.7
6356	0.98
6357	1.62
6358	0.45
6359	0.91
6360	1.25
6361	0.34
6362	0.85
6363	1.01
6364	0.46
6365	1.06
6366	1.81
6367	2.12
6368	1.2
6369	1.18
6370	2.31
6371	1.03
6372	1.35
6373	1.71
6374	1.64
6375	1.04
6376	1.15
6377	1.4
6378	1.16
6379	0.89
6380	1.72
6381	1.56
6382	1.43
6383	1.62
6384	1.26
6385	1.48
6386	1.31
6387	1.99
6388	1.49
6389	0.88
6390	1.15
6391	1.07
6392	1.24
6393	1.62
6394	2.32
6395	0.84
6396	1.48
6397	1.57
6398	1.28
6399	1.04
6400	1.35
6401	1.19
6402	1.19
6403	1.92
6404	2.04
6405	1.68
6406	1.72
6407	0.86
6408	1.05
6409	1.83
6410	1.3
6411	1.79
6412	1.4
6413	1.32
6414	1.61
6415	1.57
6416	1.79
6417	0.98
6418	1.12
6419	1.6
6420	0.78
6421	1.48
6422	1.42
6423	2.12
6424	1.18
6425	1.89
6426	1.44
6427	1.46
6428	1.33
6429	1.46
6430	1.16
6431	0.65
6432	1.31
6433	1.35
6434	0.32
6435	1.12
6436	2.04
6437	1.62
6438	1.57
6439	1.71
6440	1.96
6441	1.53
6442	1.51
6443	1.73
6444	1.26
6445	1.47
6446	1.17
6447	1.89
6448	1.52
6449	1.02
6450	2.01
6451	1.69
6452	0.73
6453	0.58
6454	1.94
6455	1.54
6456	1.1
6457	0.81
6458	1.21
6459	1.59
6460	1.69
6461	1.21
6462	1.71
6463	1.71
6464	1.48
6465	1.52
6466	1.37
6467	1.12
6468	0.67
6469	2.01
6470	1.92
6471	1.43
6472	1.65
6473	1.64
6474	2.07
6475	1.13
6476	1.09
6477	1.34
6478	1.23
6479	1.31
6480	1.35
6481	1.54
6482	1.84
6483	1.0
6484	1.71
6485	1.8
6486	1.55
6487	0.51
6488	2.4
6489	1.4
6490	1.65
6491	1.22
6492	1.38
6493	1.72
6494	1.51
6495	1.68
6496	1.43
6497	1.36
6498	1.15
6499	1.6
6500	1.41
6501	1.73
6502	2.04
6503	0.82
6504	1.53
6505	1.57
6506	1.36
6507	1.12
6508	1.56
6509	1.8
6510	1.24
6511	1.75
6512	0.89
6513	1.86
6514	1.84
6515	1.65
6516	1.38
6517	1.29
6518	0.89
6519	1.48
6520	1.82
6521	1.88
6522	2.08
6523	1.88
6524	2.23
6525	1.52
6526	0.98
6527	1.81
6528	1.34
6529	1.53
6530	1.15
6531	1.38
6532	1.54
6533	1.36
6534	1.34
6535	0.88
6536	2.02
6537	1.8
6538	0.93
6539	2.51
6540	0.81
6541	1.63
6542	1.08
6543	0.77
6544	1.91
6545	0.98
6546	1.63
6547	0.84
6548	1.89
6549	1.63
6550	1.49
6551	1.5
6552	1.2
6553	1.61
6554	1.62
6555	2.02
6556	1.38
6557	1.59
6558	1.73
6559	1.52
6560	1.75
6561	1.12
6562	1.13
6563	1.15
6564	2.18
6565	1.4
6566	1.4
6567	1.07
6568	1.63
6569	0.73
6570	1.62
6571	1.65
6572	2.51
6573	1.26
6574	1.0
6575	1.13
6576	0.76
6577	1.68
6578	1.23
6579	1.03
6580	0.94
6581	1.46
6582	1.45
6583	0.78
6584	0.92
6585	1.22
6586	0.58
6587	1.91
6588	1.38
6589	1.36
6590	1.7
6591	0.87
6592	1.59
6593	1.75
6594	1.44
6595	1.24
6596	1.96
6597	2.09
6598	1.33
6599	2.31
6600	1.8
6601	1.5
6602	1.47
6603	1.69
6604	2.23
6605	0.74
6606	1.08
6607	1.23
6608	1.73
6609	1.65
6610	1.86
6611	1.8
6612	1.07
6613	1.02
6614	2.47
6615	1.49
6616	1.3
6617	1.0
6618	1.49
6619	1.28
6620	2.05
6621	0.7
6622	1.42
6623	1.44
6624	1.77
6625	1.29
6626	0.85
6627	0.83
6628	1.4
6629	1.07
6630	1.11
6631	1.13
6632	3.16
6633	2.11
6634	1.21
6635	1.09
6636	1.04
6637	0.81
6638	1.16
6639	1.55
6640	1.83
6641	1.45
6642	0.91
6643	1.76
6644	1.65
6645	1.71
6646	2.11
6647	1.07
6648	1.98
6649	0.52
6650	1.21
6651	2.02
6652	0.79
6653	1.2
6654	1.71
6655	1.99
6656	0.85
6657	1.62
6658	2.44
6659	2.06
6660	1.03
6661	1.57
6662	1.96
6663	1.52
6664	1.15
6665	2.18
6666	1.22
6667	1.31
6668	1.68
6669	0.92
6670	1.58
6671	2.18
6672	1.12
6673	1.74
6674	1.86
6675	0.8
6676	1.05
6677	1.56
6678	0.96
6679	1.0
6680	2.33
6681	1.43
6682	1.03
6683	0.75
6684	1.51
6685	1.68
6686	1.01
6687	1.33
6688	1.12
6689	0.97
6690	1.86
6691	1.47
6692	1.5
6693	0.83
6694	1.53
6695	1.59
6696	1.82
6697	1.61
6698	0.94
6699	0.91
6700	1.37
6701	0.87
6702	1.89
6703	1.12
6704	1.96
6705	0.84
6706	1.15
6707	1.37
6708	0.9
6709	1.75
6710	1.01
6711	1.16
6712	2.01
6713	1.31
6714	1.4
6715	1.11
6716	1.25
6717	1.7
6718	1.55
6719	1.53
6720	1.25
6721	1.42
6722	1.09
6723	1.42
6724	1.33
6725	2.32
6726	1.61
6727	1.42
6728	1.38
6729	1.39
6730	2.2
6731	1.18
6732	1.6
6733	1.22
6734	1.46
6735	1.7
6736	1.48
6737	1.44
6738	2.13
6739	1.02
6740	1.35
6741	1.61
6742	1.2
6743	1.37
6744	2.18
6745	1.97
6746	0.75
6747	1.4
6748	1.72
6749	1.47
6750	0.75
6751	1.51
6752	1.16
6753	1.15
6754	0.78
6755	1.19
6756	1.89
6757	1.3
6758	1.68
6759	1.91
6760	1.16
6761	0.68
6762	1.35
6763	1.37
6764	1.38
6765	1.15
6766	1.32
6767	1.51
6768	1.39
6769	0.92
6770	1.47
6771	1.52
6772	1.52
6773	1.46
6774	1.07
6775	1.94
6776	1.82
6777	1.52
6778	1.53
6779	1.73
6780	1.52
6781	1.34
6782	2.22
6783	0.88
6784	1.22
6785	1.16
6786	1.26
6787	1.76
6788	1.86
6789	0.77
6790	0.75
6791	0.78
6792	1.51
6793	1.03
6794	1.93
6795	1.32
6796	2.05
6797	1.81
6798	1.27
6799	1.73
6800	1.22
6801	1.27
6802	1.0
6803	1.24
6804	1.58
6805	1.15
6806	1.66
6807	0.7
6808	1.12
6809	1.7
6810	1.0
6811	1.26
6812	1.81
6813	1.85
6814	2.13
6815	0.65
6816	1.37
6817	1.75
6818	0.93
6819	2.13
6820	1.09
6821	1.78
6822	0.97
6823	1.54
6824	1.38
6825	1.59
6826	1.69
6827	1.68
6828	1.46
6829	1.3
6830	1.58
6831	1.58
6832	1.43
6833	1.95
6834	1.79
6835	1.85
6836	1.69
6837	1.58
6838	1.25
6839	1.5
6840	1.51
6841	1.52
6842	1.93
6843	1.48
6844	1.21
6845	0.89
6846	1.88
6847	1.22
6848	1.72
6849	1.25
6850	1.22
6851	1.77
6852	1.04
6853	2.01
6854	1.56
6855	1.19
6856	0.65
6857	0.88
6858	1.48
6859	1.09
6860	0.59
6861	1.4
6862	1.5
6863	1.66
6864	1.43
6865	1.03
6866	0.97
6867	1.05
6868	1.32
6869	1.23
6870	0.69
6871	1.39
6872	0.85
6873	1.92
6874	1.04
6875	0.98
6876	0.96
6877	1.71
6878	1.32
6879	1.9
6880	1.18
6881	2.01
6882	1.27
6883	1.53
6884	1.21
6885	0.94
6886	1.65
6887	1.8
6888	1.09
6889	1.35
6890	0.97
6891	0.86
6892	2.11
6893	1.19
6894	1.02
6895	1.77
6896	0.27
6897	1.88
6898	0.64
6899	1.61
6900	1.07
6901	1.36
6902	1.6
6903	1.22
6904	1.1
6905	1.68
6906	1.59
6907	1.08
6908	1.48
6909	1.45
6910	1.71
6911	0.93
6912	1.56
6913	1.91
6914	0.98
6915	1.88
6916	1.56
6917	0.93
6918	1.29
6919	1.27
6920	1.25
6921	0.49
6922	1.92
6923	1.72
6924	1.75
6925	1.78
6926	1.63
6927	1.35
6928	0.73
6929	1.62
6930	0.74
6931	1.37
6932	2.13
6933	1.45
6934	1.16
6935	0.81
6936	2.05
6937	1.75
6938	1.62
6939	1.63
6940	1.5
6941	1.64
6942	1.49
6943	1.22
6944	2.0
6945	1.26
6946	1.75
6947	1.35
6948	1.16
6949	1.46
6950	1.48
6951	2.48
6952	1.66
6953	1.72
6954	2.05
6955	1.71
6956	0.9
6957	1.27
6958	0.81
6959	1.0
6960	0.95
6961	0.5
6962	1.19
6963	1.01
6964	1.39
6965	1.74
6966	1.37
6967	0.98
6968	0.81
6969	1.51
6970	1.09
6971	1.52
6972	2.15
6973	1.46
6974	1.74
6975	1.29
6976	1.52
6977	1.32
6978	1.03
6979	1.56
6980	1.3
6981	1.71
6982	2.07
6983	1.38
6984	1.83
6985	1.67
6986	1.57
6987	1.15
6988	1.51
6989	1.73
6990	1.22
6991	0.91
6992	0.99
6993	1.62
6994	1.73
6995	1.67
6996	1.19
6997	1.22
6998	1.94
6999	1.96
7000	1.8
7001	1.23
7002	2.0
7003	0.69
7004	1.85
7005	1.32
7006	0.93
7007	1.38
7008	1.17
7009	1.85
7010	1.25
7011	0.79
7012	1.31
7013	1.57
7014	1.5
7015	1.91
7016	1.81
7017	2.35
7018	1.71
7019	1.26
7020	1.28
7021	1.6
7022	1.63
7023	1.65
7024	1.22
7025	1.53
7026	1.72
7027	1.75
7028	1.31
7029	1.4
7030	0.66
7031	1.0
7032	1.69
7033	1.65
7034	1.79
7035	1.41
7036	1.82
7037	1.66
7038	1.4
7039	0.94
7040	1.63
7041	2.13
7042	1.39
7043	2.1
7044	1.29
7045	1.44
7046	1.34
7047	1.74
7048	1.47
7049	1.95
7050	1.67
7051	0.94
7052	1.24
7053	1.14
7054	1.08
7055	2.22
7056	1.47
7057	1.62
7058	1.31
7059	1.16
7060	1.22
7061	0.97
7062	1.06
7063	1.37
7064	1.85
7065	1.01
7066	1.56
7067	0.95
7068	0.98
7069	1.49
7070	2.16
7071	1.37
7072	0.73
7073	2.53
7074	1.95
7075	1.23
7076	1.2
7077	1.41
7078	2.34
7079	1.76
7080	1.03
7081	1.35
7082	1.68
7083	1.87
7084	1.19
7085	1.03
7086	1.37
7087	1.62
7088	1.47
7089	1.9
7090	1.54
7091	1.0
7092	1.88
7093	1.02
7094	2.06
7095	1.9
7096	1.01
7097	0.62
7098	1.68
7099	1.06
7100	1.24
7101	1.64
7102	0.76
7103	1.45
7104	1.44
7105	1.38
7106	1.44
7107	0.92
7108	2.1
7109	1.88
7110	1.2
7111	2.33
7112	1.29
7113	1.26
7114	0.9
7115	1.3
7116	1.39
7117	2.3
7118	0.93
7119	1.42
7120	1.37
7121	1.02
7122	1.78
7123	1.75
7124	1.18
7125	1.45
7126	0.71
7127	0.92
7128	1.59
7129	1.13
7130	1.41
7131	1.5
7132	1.51
7133	1.71
7134	1.22
7135	1.62
7136	0.85
7137	1.52
7138	1.38
7139	2.17
7140	1.74
7141	1.47
7142	1.03
7143	1.51
7144	0.81
7145	1.34
7146	1.56
7147	1.06
7148	1.53
7149	1.02
7150	2.29
7151	1.89
7152	1.08
7153	0.83
7154	1.54
7155	1.16
7156	1.06
7157	0.99
7158	1.36
7159	1.47
7160	1.2
7161	1.8
7162	1.48
7163	1.32
7164	1.48
7165	1.26
7166	1.29
7167	0.82
7168	1.24
7169	0.73
7170	1.97
7171	1.34
7172	1.26
7173	1.15
7174	1.05
7175	1.57
7176	1.17
7177	1.64
7178	0.92
7179	1.34
7180	1.35
7181	1.28
7182	1.47
7183	1.67
7184	1.44
7185	0.98
7186	2.27
7187	1.15
7188	1.62
7189	1.3
7190	1.04
7191	2.27
7192	1.61
7193	0.94
7194	1.58
7195	2.01
7196	1.54
7197	1.67
7198	1.16
7199	1.58
7200	1.28
7201	1.43
7202	0.62
7203	1.38
7204	1.3
7205	1.26
7206	0.51
7207	1.54
7208	1.45
7209	0.65
7210	1.49
7211	1.01
7212	1.46
7213	1.55
7214	1.63
7215	1.24
7216	0.68
7217	0.89
7218	0.73
7219	1.64
7220	2.12
7221	0.99
7222	1.27
7223	1.44
7224	1.12
7225	1.3
7226	1.37
7227	1.92
7228	1.29
7229	1.49
7230	1.28
7231	1.77
7232	1.66
7233	1.84
7234	0.82
7235	1.49
7236	1.07
7237	1.14
7238	1.45
7239	1.63
7240	1.12
7241	1.69
7242	0.49
7243	1.48
7244	1.61
7245	1.59
7246	1.6
7247	0.74
7248	1.37
7249	1.48
7250	1.64
7251	1.56
7252	1.72
7253	1.74
7254	2.29
7255	0.71
7256	1.23
7257	1.42
7258	1.37
7259	1.33
7260	1.24
7261	1.18
7262	1.22
7263	1.44
7264	1.69
7265	1.08
7266	1.28
7267	1.65
7268	1.69
7269	2.19
7270	1.91
7271	1.6
7272	1.37
7273	1.68
7274	1.14
7275	2.08
7276	1.23
7277	1.49
7278	1.6
7279	0.86
7280	1.48
7281	1.52
7282	1.92
7283	1.2
7284	1.1
7285	1.32
7286	2.39
7287	1.22
7288	1.23
7289	2.04
7290	1.56
7291	1.14
7292	2.24
7293	1.26
7294	1.44
7295	1.27
7296	0.98
7297	1.65
7298	1.35
7299	0.44
7300	0.96
7301	1.95
7302	1.24
7303	1.72
7304	0.83
7305	1.5
7306	1.24
7307	1.41
7308	1.52
7309	1.66
7310	1.78
7311	1.66
7312	2.24
7313	0.91
7314	1.69
7315	1.69
7316	1.29
7317	1.51
7318	1.67
7319	0.95
7320	1.95
7321	1.73
7322	1.41
7323	1.34
7324	0.86
7325	1.44
7326	0.85
7327	0.81
7328	1.35
7329	1.03
7330	1.93
7331	1.19
7332	1.43
7333	1.6
7334	0.79
7335	1.39
7336	1.44
7337	0.91
7338	1.42
7339	1.31
7340	1.56
7341	1.4
7342	1.63
7343	1.39
7344	1.13
7345	1.66
7346	1.26
7347	1.48
7348	1.37
7349	0.78
7350	1.98
7351	1.43
7352	1.46
7353	1.42
7354	1.06
7355	1.92
7356	2.01
7357	1.37
7358	0.92
7359	1.85
7360	1.58
7361	2.06
7362	0.97
7363	0.56
7364	1.9
7365	1.45
7366	1.62
7367	1.79
7368	1.94
7369	2.0
7370	2.06
7371	1.66
7372	2.18
7373	1.11
7374	1.81
7375	2.47
7376	0.75
7377	1.38
7378	1.84
7379	1.77
7380	1.53
7381	1.57
7382	0.91
7383	1.64
7384	1.98
7385	0.78
7386	1.07
7387	1.72
7388	1.46
7389	1.58
7390	1.03
7391	1.1
7392	1.31
7393	1.35
7394	1.42
7395	1.45
7396	0.96
7397	1.67
7398	1.61
7399	1.81
7400	1.28
7401	0.69
7402	1.48
7403	1.25
7404	1.66
7405	1.63
7406	1.47
7407	1.53
7408	1.7
7409	1.4
7410	0.86
7411	1.5
7412	0.73
7413	1.32
7414	1.47
7415	1.67
7416	1.75
7417	1.19
7418	1.97
7419	0.68
7420	1.78
7421	2.17
7422	1.38
7423	0.52
7424	2.06
7425	1.97
7426	1.26
7427	0.97
7428	1.56
7429	1.75
7430	1.59
7431	1.24
7432	1.37
7433	2.14
7434	1.5
7435	2.11
7436	1.22
7437	1.63
7438	0.94
7439	1.5
7440	1.1
7441	1.4
7442	1.36
7443	1.12
7444	2.35
7445	0.64
7446	1.6
7447	1.59
7448	1.87
7449	0.91
7450	1.9
7451	1.55
7452	1.71
7453	1.86
7454	0.9
7455	0.53
7456	1.73
7457	1.18
7458	1.65
7459	1.22
7460	1.5
7461	1.46
7462	1.12
7463	1.37
7464	1.63
7465	1.2
7466	1.27
7467	0.91
7468	2.02
7469	1.44
7470	1.84
7471	1.46
7472	1.47
7473	1.48
7474	1.71
7475	2.07
7476	1.41
7477	0.83
7478	1.99
7479	1.86
7480	1.05
7481	1.54
7482	0.97
7483	1.31
7484	1.71
7485	1.9
7486	1.37
7487	1.69
7488	0.68
7489	1.83
7490	1.39
7491	2.35
7492	1.09
7493	1.1
7494	1.55
7495	1.08
7496	1.6
7497	1.95
7498	1.59
7499	1.56
7500	1.31
7501	1.72
7502	1.38
7503	1.07
7504	1.65
7505	1.73
7506	1.39
7507	1.94
7508	1.17
7509	1.42
7510	1.54
7511	1.57
7512	1.44
7513	0.93
7514	1.38
7515	1.71
7516	1.62
7517	0.59
7518	1.71
7519	1.23
7520	2.14
7521	1.72
7522	1.12
7523	1.12
7524	1.14
7525	1.49
7526	1.34
7527	0.64
7528	1.39
7529	0.72
7530	0.49
7531	1.29
7532	1.37
7533	1.94
7534	0.67
7535	1.72
7536	0.87
7537	1.03
7538	1.34
7539	1.38
7540	1.09
7541	1.55
7542	1.07
7543	2.04
7544	2.04
7545	1.24
7546	2.22
7547	0.95
7548	1.28
7549	1.54
7550	2.3
7551	1.04
7552	1.91
7553	1.8
7554	1.59
7555	1.1
7556	1.47
7557	1.31
7558	1.7
7559	1.39
7560	1.09
7561	0.7
7562	1.74
7563	1.11
7564	1.09
7565	1.33
7566	1.6
7567	1.41
7568	0.86
7569	1.66
7570	0.94
7571	1.38
7572	0.98
7573	1.63
7574	0.61
7575	1.25
7576	2.18
7577	1.82
7578	0.96
7579	1.15
7580	1.75
7581	1.41
7582	1.31
7583	1.05
7584	1.69
7585	0.79
7586	1.65
7587	1.91
7588	0.39
7589	1.74
7590	1.37
7591	1.6
7592	1.27
7593	0.79
7594	1.07
7595	1.0
7596	1.66
7597	1.44
7598	0.92
7599	1.5
7600	1.05
7601	2.07
7602	1.48
7603	1.16
7604	1.48
7605	1.33
7606	1.34
7607	1.96
7608	2.01
7609	1.65
7610	0.69
7611	1.79
7612	1.44
7613	1.04
7614	1.54
7615	1.1
7616	2.13
7617	1.78
7618	1.26
7619	1.4
7620	1.35
7621	1.2
7622	2.06
7623	1.03
7624	1.42
7625	2.02
7626	1.46
7627	1.98
7628	1.0
7629	1.39
7630	1.67
7631	1.42
7632	1.23
7633	2.12
7634	1.99
7635	1.37
7636	1.92
7637	1.65
7638	1.58
7639	1.48
7640	1.46
7641	0.96
7642	0.99
7643	1.41
7644	1.56
7645	1.84
7646	1.81
7647	1.3
7648	1.69
7649	1.13
7650	1.67
7651	1.21
7652	1.17
7653	1.84
7654	1.48
7655	1.27
7656	0.43
7657	1.22
7658	1.55
7659	1.67
7660	1.14
7661	1.2
7662	1.39
7663	1.09
7664	1.37
7665	1.65
7666	0.82
7667	1.24
7668	1.71
7669	0.86
7670	1.45
7671	1.15
7672	1.28
7673	1.5
7674	1.5
7675	1.45
7676	1.4
7677	1.11
7678	1.16
7679	1.07
7680	1.3
7681	0.73
7682	2.12
7683	0.97
7684	1.51
7685	0.91
7686	1.3
7687	1.98
7688	1.67
7689	1.67
7690	1.04
7691	1.76
7692	0.89
7693	1.55
7694	1.85
7695	2.2
7696	0.56
7697	1.34
7698	1.26
7699	1.34
7700	1.0
7701	1.9
7702	1.64
7703	0.92
7704	1.24
7705	1.32
7706	2.47
7707	1.58
7708	0.57
7709	1.51
7710	1.65
7711	0.97
7712	1.48
7713	1.5
7714	1.08
7715	1.87
7716	1.43
7717	1.14
7718	1.24
7719	1.51
7720	1.19
7721	0.78
7722	1.12
7723	1.35
7724	1.85
7725	1.54
7726	0.71
7727	1.04
7728	1.18
7729	1.48
7730	1.8
7731	1.61
7732	1.4
7733	1.5
7734	0.86
7735	1.55
7736	1.86
7737	1.56
7738	0.99
7739	2.06
7740	0.98
7741	1.23
7742	1.29
7743	1.33
7744	1.37
7745	0.9
7746	1.12
7747	1.84
7748	0.92
7749	1.59
7750	1.29
7751	1.28
7752	1.46
7753	0.57
7754	0.7
7755	0.54
7756	1.38
7757	1.49
7758	1.65
7759	1.04
7760	1.7
7761	0.95
7762	0.97
7763	1.2
7764	1.27
7765	1.86
7766	1.78
7767	0.61
7768	1.31
7769	1.94
7770	0.94
7771	1.43
7772	1.58
7773	0.89
7774	1.18
7775	1.09
7776	1.17
7777	1.09
7778	0.88
7779	1.59
7780	2.05
7781	1.42
7782	1.22
7783	1.07
7784	1.5
7785	1.01
7786	1.12
7787	1.42
7788	1.41
7789	1.18
7790	1.49
7791	1.07
7792	1.21
7793	0.9
7794	1.15
7795	1.38
7796	1.61
7797	1.46
7798	1.16
7799	1.13
7800	1.17
7801	1.82
7802	0.81
7803	2.17
7804	1.1
7805	1.62
7806	1.64
7807	1.92
7808	0.96
7809	1.71
7810	1.43
7811	1.15
7812	0.64
7813	1.3
7814	1.65
7815	1.78
7816	1.48
7817	0.61
7818	1.15
7819	1.55
7820	0.76
7821	1.18
7822	1.54
7823	1.1
7824	1.67
7825	1.3
7826	1.12
7827	0.62
7828	1.36
7829	1.32
7830	1.58
7831	1.86
7832	1.01
7833	2.36
7834	0.77
7835	1.96
7836	0.59
7837	1.93
7838	1.33
7839	1.64
7840	1.87
7841	1.38
7842	1.85
7843	2.23
7844	1.37
7845	1.67
7846	1.54
7847	0.67
7848	1.06
7849	1.12
7850	1.43
7851	1.06
7852	1.46
7853	1.38
7854	0.9
7855	1.42
7856	1.08
7857	1.41
7858	1.36
7859	1.08
7860	0.72
7861	1.85
7862	1.59
7863	1.5
7864	1.72
7865	1.62
7866	1.33
7867	1.87
7868	1.4
7869	1.43
7870	0.86
7871	0.96
7872	2.11
7873	0.83
7874	1.31
7875	1.71
7876	1.65
7877	0.88
7878	2.13
7879	1.86
7880	0.44
7881	1.22
7882	1.2
7883	2.02
7884	2.08
7885	1.65
7886	1.79
7887	1.35
7888	1.78
7889	1.66
7890	1.17
7891	1.98
7892	0.98
7893	1.34
7894	2.8
7895	1.57
7896	1.54
7897	1.54
7898	1.04
7899	1.24
7900	0.78
7901	1.34
7902	1.43
7903	1.72
7904	1.58
7905	1.26
7906	1.09
7907	1.01
7908	1.06
7909	1.6
7910	0.97
7911	1.35
7912	1.85
7913	0.8
7914	1.4
7915	1.23
7916	1.1
7917	2.12
7918	1.44
7919	1.23
7920	1.3
7921	1.87
7922	0.89
7923	1.97
7924	1.55
7925	1.89
7926	0.88
7927	1.92
7928	1.35
7929	0.15
7930	0.61
7931	1.32
7932	2.09
7933	1.15
7934	1.2
7935	1.66
7936	0.57
7937	1.33
7938	1.74
7939	1.67
7940	1.57
7941	2.06
7942	1.52
7943	0.97
7944	2.25
7945	1.04
7946	0.97
7947	2.01
7948	1.78
7949	0.6
7950	0.26
7951	1.44
7952	0.91
7953	1.24
7954	1.75
7955	1.64
7956	1.06
7957	1.44
7958	2.0
7959	1.7
7960	1.39
7961	0.88
7962	1.34
7963	1.32
7964	1.41
7965	1.55
7966	1.35
7967	1.12
7968	1.42
7969	1.46
7970	1.75
7971	1.78
7972	1.24
7973	1.33
7974	1.29
7975	2.09
7976	1.01
7977	2.22
7978	1.21
7979	2.07
7980	1.3
7981	0.86
7982	1.63
7983	1.28
7984	1.4
7985	1.55
7986	1.39
7987	0.88
7988	1.72
7989	1.86
7990	1.46
7991	1.62
7992	1.19
7993	0.89
7994	1.01
7995	1.76
7996	1.16
7997	1.0
7998	1.92
7999	1.26
8000	1.65
8001	1.37
8002	2.07
8003	2.31
8004	1.16
8005	1.31
8006	2.02
8007	1.26
8008	1.44
8009	1.1
8010	1.44
8011	1.72
8012	1.7
8013	1.42
8014	1.34
8015	1.56
8016	1.4
8017	1.34
8018	0.89
8019	0.87
8020	1.31
8021	1.56
8022	0.93
8023	1.92
8024	1.25
8025	0.79
8026	2.04
8027	1.75
8028	1.89
8029	1.26
8030	1.52
8031	1.73
8032	1.05
8033	1.87
8034	1.22
8035	0.52
8036	1.47
8037	1.46
8038	1.72
8039	1.43
8040	0.85
8041	1.95
8042	0.81
8043	1.87
8044	1.38
8045	1.61
8046	2.03
8047	0.95
8048	1.66
8049	1.65
8050	2.19
8051	1.09
8052	1.54
8053	1.49
8054	1.06
8055	0.89
8056	1.15
8057	1.86
8058	0.97
8059	1.57
8060	1.24
8061	2.25
8062	2.45
8063	1.62
8064	1.77
8065	1.55
8066	1.11
8067	1.55
8068	1.35
8069	1.35
8070	1.83
8071	1.24
8072	1.4
8073	1.54
8074	1.01
8075	2.24
8076	1.26
8077	1.39
8078	0.97
8079	1.45
8080	1.33
8081	1.5
8082	0.95
8083	1.89
8084	1.46
8085	1.8
8086	1.21
8087	1.15
8088	1.63
8089	1.49
8090	1.46
8091	1.73
8092	0.79
8093	1.77
8094	1.51
8095	1.62
8096	1.33
8097	1.19
8098	2.27
8099	1.66
8100	1.05
8101	2.17
8102	1.47
8103	1.52
8104	1.33
8105	2.42
8106	0.67
8107	1.09
8108	2.22
8109	1.34
8110	1.75
8111	1.72
8112	1.19
8113	1.27
8114	1.38
8115	1.22
8116	1.11
8117	0.96
8118	1.73
8119	1.34
8120	1.95
8121	1.54
8122	1.49
8123	2.09
8124	1.56
8125	0.76
8126	0.78
8127	1.5
8128	1.3
8129	1.55
8130	1.96
8131	1.52
8132	1.39
8133	0.62
8134	1.8
8135	2.24
8136	1.34
8137	1.45
8138	1.85
8139	1.55
8140	1.36
8141	1.12
8142	1.29
8143	1.83
8144	1.77
8145	1.61
8146	0.92
8147	1.24
8148	1.6
8149	1.78
8150	1.47
8151	1.31
8152	1.8
8153	1.13
8154	1.57
8155	1.08
8156	1.64
8157	1.84
8158	2.03
8159	1.43
8160	1.17
8161	2.38
8162	0.97
8163	1.56
8164	1.7
8165	1.86
8166	1.76
8167	1.17
8168	1.68
8169	2.05
8170	1.58
8171	1.15
8172	1.25
8173	1.28
8174	1.61
8175	0.85
8176	0.85
8177	1.11
8178	1.13
8179	1.38
8180	1.46
8181	1.8
8182	1.38
8183	1.34
8184	2.02
8185	1.75
8186	1.55
8187	1.39
8188	0.63
8189	2.06
8190	1.79
8191	2.08
8192	1.86
8193	1.42
8194	1.65
8195	1.18
8196	1.66
8197	1.9
8198	1.7
8199	1.76
8200	1.16
8201	1.33
8202	1.19
8203	1.84
8204	1.46
8205	1.52
8206	1.14
8207	1.0
8208	1.8
8209	1.43
8210	1.56
8211	1.64
8212	0.54
8213	1.36
8214	1.72
8215	1.8
8216	1.8
8217	1.59
8218	1.06
8219	1.91
8220	1.24
8221	1.46
8222	1.44
8223	1.25
8224	1.22
8225	1.52
8226	0.93
8227	1.46
8228	1.58
8229	1.24
8230	1.63
8231	1.51
8232	1.33
8233	1.03
8234	1.26
8235	1.8
8236	1.38
8237	0.94
8238	0.93
8239	1.3
8240	1.46
8241	1.77
8242	1.74
8243	1.37
8244	1.26
8245	1.41
8246	1.33
8247	1.52
8248	1.39
8249	0.74
8250	1.44
8251	1.39
8252	1.71
8253	1.6
8254	1.73
8255	1.65
8256	2.15
8257	1.7
8258	1.33
8259	1.62
8260	1.85
8261	1.54
8262	1.44
8263	0.91
8264	1.01
8265	1.42
8266	1.2
8267	2.04
8268	1.43
8269	1.49
8270	1.28
8271	1.56
8272	2.25
8273	1.38
8274	2.53
8275	0.98
8276	1.16
8277	1.57
8278	1.58
8279	2.0
8280	0.97
8281	1.02
8282	1.5
8283	1.93
8284	1.18
8285	0.89
8286	2.22
8287	2.5
8288	2.16
8289	0.99
8290	1.79
8291	2.0
8292	1.62
8293	1.47
8294	1.69
8295	1.6
8296	1.26
8297	1.44
