0	0.74
1	0.68
2	0.46
3	0.34
4	0.99
5	0.79
6	0.85
7	0.28
8	1.02
9	0.6
10	0.59
11	0.47
12	0.4
13	0.81
14	0.9
15	0.06
16	0.03
17	0.45
18	0.57
19	0.07
20	0.14
21	0.49
22	0.36
23	0.58
24	0.56
25	0.47
26	0.25
27	0.01
28	0.66
29	0.57
30	0.62
31	0.53
32	0.67
33	0.36
34	0.5
35	1.07
36	0.33
37	0.51
38	0.73
39	0.93
40	0.57
41	0.58
42	0.86
43	0.7
44	1.01
45	0.98
46	0.25
47	0.58
48	0.39
49	0.04
50	0.37
51	0.55
52	0.75
53	0.51
54	0.45
55	0.29
56	0.58
57	0.78
58	0.29
59	0.94
60	0.28
61	1.65
62	0.5
63	0.77
64	0.52
65	0.62
66	0.43
67	0.3
68	0.31
69	0.43
70	0.71
71	0.7
72	0.27
73	0.49
74	0.87
75	0.82
76	0.69
77	0.82
78	1.37
79	0.48
80	0.31
81	0.82
82	0.21
83	0.77
84	0.86
85	0.3
86	0.84
87	0.62
88	0.15
89	0.53
90	0.19
91	0.28
92	0.95
93	0.63
94	0.43
95	0.38
96	0.23
97	0.75
98	0.29
99	0.13
100	0.62
101	0.13
102	0.75
103	0.5
104	0.81
105	0.66
106	0.19
107	0.97
108	0.5
109	0.08
110	1.1
111	0.47
112	0.78
113	1.12
114	0.22
115	0.42
116	0.71
117	0.68
118	0.5
119	0.7
120	0.29
121	0.32
122	0.68
123	0.88
124	0.45
125	0.6
126	0.83
127	0.2
128	0.24
129	0.78
130	0.08
131	0.42
132	0.69
133	0.61
134	0.14
135	0.61
136	0.12
137	0.32
138	0.21
139	0.5
140	0.43
141	0.38
142	0.76
143	0.68
144	0.78
145	1.18
146	0.32
147	0.03
148	0.45
149	0.79
150	0.42
151	1.05
152	0.13
153	0.44
154	0.73
155	0.46
156	0.59
157	0.67
158	1.15
159	0.05
160	0.39
161	0.92
162	0.07
163	0.28
164	0.22
165	0.6
166	0.22
167	0.59
168	0.15
169	0.43
170	0.06
171	0.31
172	0.68
173	0.36
174	0.98
175	0.7
176	0.63
177	0.68
178	0.23
179	0.31
180	0.57
181	0.35
182	0.45
183	0.54
184	0.61
185	0.43
186	0.94
187	0.89
188	0.29
189	0.38
190	0.7
191	0.51
192	0.19
193	0.5
194	0.12
195	0.62
196	0.16
197	1.07
198	0.24
199	0.2
200	0.56
201	0.86
202	0.76
203	0.62
204	0.55
205	0.23
206	0.51
207	0.81
208	0.81
209	0.64
210	0.33
211	0.1
212	0.99
213	0.62
214	0.75
215	0.78
216	0.12
217	1.4
218	0.68
219	0.9
220	0.77
221	0.42
222	0.04
223	1.04
224	1.02
225	0.67
226	0.4
227	1.22
228	0.34
229	0.8
230	1.01
231	1.42
232	0.32
233	1.0
234	0.76
235	0.24
236	0.14
237	0.02
238	0.86
239	0.49
240	0.24
241	0.44
242	1.2
243	1.03
244	0.54
245	0.48
246	0.08
247	0.15
248	0.07
249	0.25
250	0.78
251	0.81
252	1.05
253	0.54
254	0.53
255	0.27
256	0.61
257	0.76
258	0.78
259	0.55
260	0.51
261	0.66
262	1.09
263	0.65
264	0.84
265	0.45
266	0.53
267	1.08
268	0.52
269	0.25
270	0.17
271	0.31
272	0.35
273	0.71
274	0.04
275	0.74
276	0.73
277	0.9
278	0.39
279	0.62
280	0.65
281	0.56
282	0.54
283	0.1
284	0.41
285	0.58
286	0.24
287	0.82
288	0.72
289	0.46
290	0.56
291	0.85
292	0.44
293	0.23
294	0.47
295	0.16
296	0.86
297	0.45
298	1.05
299	0.63
300	0.47
301	0.66
302	0.05
303	0.26
304	0.68
305	0.31
306	0.6
307	1.2
308	0.49
309	0.35
310	0.27
311	0.48
312	0.34
313	0.41
314	0.86
315	0.43
316	0.18
317	0.79
318	0.27
319	0.06
320	0.25
321	0.78
322	0.25
323	0.8
324	0.38
325	0.53
326	0.64
327	0.6
328	0.22
329	0.97
330	0.17
331	0.27
332	0.19
333	0.5
334	0.68
335	0.54
336	0.39
337	0.8
338	0.68
339	0.95
340	0.42
341	0.3
342	0.49
343	0.81
344	0.65
345	0.23
346	0.45
347	0.43
348	0.07
349	0.39
350	0.39
351	0.31
352	0.43
353	0.48
354	0.49
355	0.65
356	0.65
357	0.42
358	0.64
359	0.35
360	1.01
361	0.36
362	1.39
363	0.99
364	0.36
365	0.83
366	0.02
367	0.36
368	0.4
369	0.75
370	0.5
371	1.15
372	0.5
373	0.89
374	0.24
375	0.77
376	0.57
377	0.45
378	0.6
379	0.43
380	0.59
381	0.28
382	0.04
383	0.15
384	0.07
385	1.04
386	0.95
387	0.52
388	0.09
389	0.42
390	0.53
391	0.75
392	0.79
393	0.14
394	0.85
395	1.04
396	0.72
397	1.11
398	0.59
399	0.55
400	1.07
401	0.61
402	0.69
403	0.2
404	0.78
405	0.12
406	0.33
407	0.19
408	0.45
409	0.54
410	0.66
411	0.94
412	0.29
413	0.25
414	0.43
415	0.75
416	0.62
417	0.48
418	0.55
419	0.71
420	0.69
421	0.97
422	0.65
423	0.78
424	0.3
425	0.28
426	0.38
427	0.17
428	0.61
429	0.74
430	0.46
431	0.52
432	0.68
433	0.4
434	0.76
435	0.58
436	0.46
437	0.36
438	0.81
439	0.58
440	0.67
441	0.41
442	0.72
443	0.16
444	0.68
445	0.24
446	1.09
447	0.82
448	0.09
449	0.77
450	1.26
451	0.66
452	0.25
453	0.49
454	0.08
455	0.69
456	0.14
457	0.69
458	0.54
459	0.46
460	0.34
461	0.56
462	0.9
463	0.68
464	1.23
465	0.94
466	0.57
467	0.48
468	0.32
469	0.09
470	1.09
471	0.51
472	0.96
473	0.19
474	1.0
475	1.04
476	1.24
477	0.68
478	0.52
479	0.29
480	0.65
481	0.48
482	0.86
483	0.29
484	0.51
485	0.48
486	0.78
487	0.35
488	1.24
489	0.81
490	0.32
491	0.5
492	0.97
493	0.51
494	0.68
495	0.47
496	0.12
497	0.29
498	0.61
499	0.32
500	0.45
501	0.18
502	0.77
503	0.34
504	0.45
505	0.65
506	0.05
507	0.25
508	0.02
509	0.95
510	0.69
511	0.81
512	0.76
513	0.79
514	0.26
515	0.52
516	0.31
517	0.68
518	0.3
519	1.08
520	0.28
521	0.31
522	0.78
523	0.54
524	0.39
525	0.42
526	0.56
527	0.48
528	0.42
529	0.34
530	0.89
531	0.95
532	0.49
533	0.56
534	0.67
535	0.17
536	0.72
537	0.66
538	1.05
539	0.54
540	0.4
541	0.65
542	0.64
543	0.69
544	0.78
545	1.0
546	0.16
547	0.62
548	0.58
549	0.22
550	0.2
551	0.86
552	0.19
553	0.46
554	0.8
555	0.9
556	0.53
557	0.15
558	0.37
559	0.57
560	0.27
561	1.36
562	0.34
563	0.14
564	0.26
565	0.79
566	0.43
567	0.43
568	1.04
569	1.05
570	0.56
571	0.64
572	0.02
573	0.84
574	0.73
575	0.8
576	0.71
577	1.13
578	0.5
579	0.3
580	0.95
581	0.58
582	0.4
583	0.82
584	0.82
585	1.13
586	0.06
587	0.32
588	0.74
589	0.24
590	0.31
591	0.35
592	0.06
593	1.02
594	0.82
595	0.48
596	0.48
597	0.34
598	0.22
599	0.79
600	0.46
601	0.59
602	0.63
603	1.01
604	0.37
605	0.77
606	0.24
607	0.33
608	0.21
609	0.76
610	0.3
611	0.5
612	0.91
613	0.4
614	0.26
615	1.06
616	0.36
617	0.3
618	0.39
619	0.37
620	0.82
621	0.04
622	0.41
623	0.73
624	1.06
625	0.74
626	0.46
627	0.77
628	0.81
629	0.58
630	0.61
631	1.1
632	1.18
633	0.89
634	0.62
635	0.36
636	0.51
637	0.31
638	0.55
639	0.69
640	0.53
641	0.7
642	0.19
643	0.76
644	0.77
645	0.26
646	0.49
647	0.23
648	0.85
649	0.82
650	0.03
651	0.66
652	0.56
653	0.63
654	0.01
655	1.37
656	0.76
657	0.01
658	0.04
659	0.91
660	0.24
661	0.71
662	0.01
663	0.33
664	0.05
665	0.54
666	0.55
667	0.67
668	1.15
669	0.24
670	0.49
671	0.49
672	0.76
673	1.19
674	0.73
675	0.09
676	1.1
677	0.46
678	0.34
679	0.61
680	0.59
681	0.59
682	0.64
683	0.85
684	0.45
685	0.61
686	0.39
687	0.61
688	1.09
689	0.17
690	0.71
691	0.36
692	0.01
693	0.63
694	0.75
695	0.17
696	0.72
697	0.1
698	0.44
699	0.57
700	0.74
701	0.84
702	0.17
703	0.96
704	0.42
705	0.54
706	0.74
707	0.3
708	0.86
709	0.88
710	0.11
711	0.38
712	0.7
713	0.11
714	0.22
715	0.57
716	1.27
717	0.48
718	0.07
719	1.18
720	0.55
721	0.3
722	0.48
723	0.41
724	0.18
725	0.33
726	0.63
727	0.49
728	0.27
729	0.18
730	0.87
731	0.67
732	0.68
733	0.11
734	0.04
735	0.62
736	1.01
737	0.39
738	0.27
739	0.18
740	0.56
741	0.89
742	0.74
743	0.24
744	0.25
745	0.83
746	1.01
747	0.67
748	0.42
749	1.2
750	1.41
751	0.25
752	0.6
753	0.15
754	0.23
755	0.09
756	0.11
757	0.52
758	0.92
759	0.32
760	0.48
761	0.5
762	0.16
763	0.91
764	0.27
765	0.65
766	0.04
767	0.74
768	0.72
769	0.18
770	0.43
771	0.85
772	0.83
773	0.73
774	0.21
775	0.71
776	0.72
777	0.71
778	0.52
779	0.41
780	0.83
781	0.41
782	0.43
783	0.26
784	0.37
785	0.14
786	0.59
787	0.25
788	1.06
789	0.16
790	0.46
791	0.92
792	0.51
793	0.37
794	0.43
795	0.4
796	0.51
797	0.77
798	0.28
799	0.89
800	0.38
801	0.45
802	0.17
803	0.38
804	0.03
805	0.78
806	0.04
807	0.78
808	0.11
809	0.66
810	0.54
811	0.4
812	0.45
813	0.84
814	0.22
815	0.71
816	0.46
817	0.25
818	0.57
819	0.33
820	0.42
821	0.3
822	0.82
823	0.42
824	0.93
825	0.01
826	0.1
827	0.03
828	0.89
829	0.62
830	0.35
831	0.84
832	0.33
833	0.24
834	1.06
835	0.62
836	0.22
837	0.25
838	0.33
839	0.37
840	0.44
841	0.97
842	0.49
843	0.73
844	0.38
845	0.22
846	0.35
847	0.69
848	0.77
849	0.03
850	0.32
851	0.11
852	0.49
853	0.65
854	0.51
855	0.7
856	0.38
857	0.42
858	0.34
859	0.24
860	0.01
861	0.44
862	0.69
863	0.69
864	1.1
865	0.4
866	0.47
867	0.98
868	0.31
869	0.66
870	0.36
871	0.82
872	0.79
873	0.01
874	0.62
875	0.73
876	1.2
877	0.36
878	0.13
879	0.47
880	0.1
881	0.24
882	0.79
883	0.52
884	0.8
885	0.09
886	0.41
887	0.88
888	0.67
889	0.4
890	0.85
891	0.14
892	0.16
893	0.36
894	0.35
895	0.07
896	0.56
897	0.31
898	0.49
899	0.64
900	0.33
901	0.07
902	0.57
903	0.45
904	0.23
905	0.56
906	0.66
907	0.29
908	0.18
909	0.55
910	0.93
911	0.21
912	0.33
913	0.36
914	0.31
915	0.04
916	0.79
917	0.3
918	0.41
919	1.02
920	0.69
921	0.69
922	0.28
923	0.5
924	0.69
925	0.13
926	0.41
927	1.1
928	0.63
929	0.4
930	0.09
931	0.55
932	0.13
933	0.62
934	0.06
935	0.07
936	0.98
937	0.35
938	0.21
939	0.51
940	0.21
941	0.64
942	0.38
943	1.11
944	0.33
945	0.36
946	0.49
947	0.56
948	1.09
949	0.71
950	0.74
951	0.27
952	0.53
953	1.3
954	1.03
955	1.0
956	0.26
957	0.66
958	0.17
959	0.83
960	1.04
961	0.7
962	0.43
963	0.18
964	1.4
965	0.35
966	0.67
967	0.29
968	0.06
969	0.23
970	0.25
971	0.45
972	0.34
973	0.44
974	0.67
975	0.41
976	0.24
977	1.2
978	0.18
979	0.52
980	0.15
981	0.52
982	0.48
983	0.61
984	0.07
985	0.65
986	0.83
987	0.5
988	0.17
989	0.91
990	0.3
991	0.17
992	0.18
993	0.04
994	0.5
995	0.34
996	0.48
997	0.82
998	0.49
999	0.67
1000	0.5
1001	1.13
1002	0.4
1003	0.02
1004	0.32
1005	0.63
1006	0.3
1007	0.42
1008	0.58
1009	1.08
1010	1.12
1011	0.61
1012	0.18
1013	0.59
1014	0.69
1015	0.8
1016	0.52
1017	0.47
1018	0.68
1019	0.83
1020	0.86
1021	0.12
1022	1.26
1023	0.55
1024	0.31
1025	0.59
1026	0.31
1027	0.81
1028	0.25
1029	0.63
1030	0.41
1031	0.34
1032	1.24
1033	0.88
1034	0.37
1035	0.23
1036	0.76
1037	0.6
1038	0.51
1039	1.04
1040	1.14
1041	0.7
1042	0.46
1043	0.98
1044	0.82
1045	0.95
1046	0.76
1047	0.53
1048	1.16
1049	0.66
1050	0.23
1051	0.43
1052	0.55
1053	0.17
1054	0.55
1055	0.21
1056	1.17
1057	1.12
1058	0.46
1059	0.97
1060	0.27
1061	0.54
1062	0.93
1063	0.26
1064	0.22
1065	0.36
1066	0.5
1067	0.44
1068	1.22
1069	0.84
1070	0.8
1071	0.36
1072	0.8
1073	0.16
1074	0.39
1075	0.68
1076	0.36
1077	0.19
1078	0.49
1079	0.6
1080	0.82
1081	0.63
1082	0.16
1083	0.61
1084	0.64
1085	0.85
1086	0.34
1087	0.49
1088	0.13
1089	0.42
1090	0.43
1091	0.01
1092	0.27
1093	0.18
1094	0.83
1095	0.92
1096	0.4
1097	0.08
1098	0.44
1099	0.75
1100	0.04
1101	0.52
1102	0.46
1103	0.86
1104	0.49
1105	0.35
1106	0.55
1107	0.32
1108	0.28
1109	0.37
1110	0.59
1111	0.72
1112	0.56
1113	0.49
1114	0.18
1115	0.62
1116	0.23
1117	0.32
1118	0.79
1119	0.81
1120	0.31
1121	0.94
1122	0.59
1123	0.51
1124	0.39
1125	0.89
1126	0.49
1127	0.67
1128	1.52
1129	0.59
1130	0.02
1131	0.05
1132	0.99
1133	0.67
1134	0.62
1135	0.34
1136	0.77
1137	0.09
1138	0.71
1139	0.61
1140	0.97
1141	0.74
1142	0.37
1143	0.24
1144	0.35
1145	0.32
1146	1.05
1147	0.82
1148	0.4
1149	0.41
1150	0.32
1151	0.43
1152	0.05
1153	0.57
1154	0.23
1155	0.01
1156	0.69
1157	0.46
1158	0.21
1159	0.43
1160	0.35
1161	0.13
1162	0.74
1163	1.14
1164	0.6
1165	0.37
1166	0.5
1167	0.96
1168	0.6
1169	1.63
1170	0.48
1171	0.25
1172	0.32
1173	0.44
1174	0.34
1175	0.48
1176	0.0
1177	0.51
1178	0.8
1179	0.73
1180	1.21
1181	0.65
1182	0.29
1183	0.46
1184	0.54
1185	0.72
1186	1.05
1187	0.65
1188	0.02
1189	0.41
1190	0.38
1191	0.97
1192	0.1
1193	0.57
1194	0.54
1195	0.41
1196	0.45
1197	0.7
1198	0.34
1199	0.9
1200	1.13
1201	0.94
1202	0.24
1203	0.0
1204	1.29
1205	0.29
1206	1.2
1207	1.1
1208	0.5
1209	0.29
1210	0.47
1211	0.14
1212	0.03
1213	0.26
1214	0.85
1215	0.74
1216	0.53
1217	0.26
1218	0.51
1219	0.94
1220	0.13
1221	0.65
1222	0.51
1223	0.18
1224	1.01
1225	0.58
1226	0.7
1227	0.94
1228	0.19
1229	0.37
1230	0.28
1231	0.89
1232	1.08
1233	0.19
1234	0.25
1235	0.56
1236	0.41
1237	0.81
1238	0.02
1239	1.0
1240	0.55
1241	0.33
1242	0.25
1243	0.22
1244	0.67
1245	0.79
1246	0.68
1247	1.03
1248	0.7
1249	1.04
1250	0.45
1251	0.52
1252	0.75
1253	0.58
1254	0.41
1255	0.45
1256	0.87
1257	0.43
1258	0.97
1259	0.73
1260	0.67
1261	0.29
1262	0.7
1263	0.32
1264	0.13
1265	1.22
1266	0.41
1267	0.42
1268	0.2
1269	0.67
1270	0.93
1271	0.43
1272	1.0
1273	0.07
1274	0.85
1275	0.41
1276	0.7
1277	0.51
1278	0.42
1279	1.1
1280	0.17
1281	1.22
1282	0.5
1283	0.64
1284	0.29
1285	0.84
1286	0.27
1287	1.14
1288	0.04
1289	0.78
1290	0.54
1291	0.55
1292	0.33
1293	0.55
1294	0.14
1295	0.67
1296	0.51
1297	0.89
1298	0.79
1299	0.54
1300	0.54
1301	0.52
1302	0.06
1303	0.63
1304	0.63
1305	0.47
1306	0.7
1307	0.72
1308	0.46
1309	0.33
1310	1.18
1311	0.71
1312	0.45
1313	0.15
1314	0.8
1315	0.7
1316	0.72
1317	0.58
1318	0.59
1319	0.56
1320	0.31
1321	0.08
1322	0.47
1323	0.69
1324	0.39
1325	0.45
1326	0.45
1327	0.28
1328	0.55
1329	0.49
1330	1.02
1331	0.91
1332	0.61
1333	0.46
1334	0.93
1335	1.24
1336	0.97
1337	0.66
1338	0.17
1339	0.68
1340	0.38
1341	0.8
1342	0.58
1343	0.43
1344	0.23
1345	0.16
1346	0.38
1347	1.17
1348	0.08
1349	0.98
1350	0.8
1351	0.55
1352	0.24
1353	0.52
1354	0.34
1355	0.13
1356	0.48
1357	0.02
1358	0.25
1359	1.03
1360	0.05
1361	0.52
1362	0.88
1363	0.22
1364	0.74
1365	0.68
1366	0.67
1367	0.52
1368	0.63
1369	0.14
1370	0.52
1371	0.62
1372	0.4
1373	0.55
1374	0.84
1375	0.62
1376	0.48
1377	1.26
1378	0.07
1379	0.23
1380	0.01
1381	0.61
1382	1.04
1383	0.91
1384	0.26
1385	0.46
1386	0.77
1387	0.68
1388	0.5
1389	0.66
1390	0.13
1391	1.2
1392	0.03
1393	0.89
1394	0.1
1395	0.48
1396	0.19
1397	0.54
1398	0.19
1399	0.87
1400	0.05
1401	0.35
1402	0.5
1403	0.44
1404	0.78
1405	0.73
1406	0.58
1407	0.6
1408	0.05
1409	0.74
1410	0.69
1411	0.99
1412	0.1
1413	0.62
1414	0.94
1415	0.74
1416	0.65
1417	0.67
1418	0.84
1419	0.46
1420	0.39
1421	0.82
1422	0.89
1423	0.53
1424	0.49
1425	0.32
1426	0.08
1427	0.7
1428	0.92
1429	0.17
1430	0.63
1431	0.05
1432	0.31
1433	0.81
1434	0.77
1435	0.32
1436	0.54
1437	0.67
1438	0.69
1439	0.4
1440	0.55
1441	0.76
1442	0.68
1443	0.6
1444	0.45
1445	0.22
1446	0.23
1447	0.53
1448	0.76
1449	0.33
1450	0.6
1451	0.86
1452	0.73
1453	0.16
1454	0.18
1455	0.26
1456	0.24
1457	1.3
1458	0.23
1459	1.34
1460	0.75
1461	0.31
1462	0.92
1463	0.36
1464	0.74
1465	0.31
1466	0.7
1467	0.44
1468	0.22
1469	0.39
1470	0.86
1471	0.01
1472	0.38
1473	1.25
1474	0.6
1475	0.89
1476	1.36
1477	0.79
1478	0.53
1479	0.18
1480	0.29
1481	0.66
1482	0.21
1483	0.05
1484	0.64
1485	0.06
1486	0.57
1487	0.19
1488	0.25
1489	0.51
1490	0.44
1491	0.42
1492	0.36
1493	0.75
1494	0.78
1495	0.41
1496	0.43
1497	0.48
1498	0.38
1499	0.92
1500	0.48
1501	0.32
1502	0.77
1503	1.05
1504	0.71
1505	0.61
1506	0.17
1507	0.28
1508	0.79
1509	0.09
1510	0.71
1511	0.93
1512	1.14
1513	0.25
1514	0.6
1515	0.24
1516	0.59
1517	1.1
1518	0.35
1519	0.49
1520	0.76
1521	0.41
1522	0.78
1523	0.29
1524	0.21
1525	0.39
1526	0.83
1527	0.0
1528	0.76
1529	1.2
1530	0.96
1531	0.59
1532	0.54
1533	0.76
1534	0.94
1535	0.46
1536	0.09
1537	0.66
1538	0.47
1539	0.26
1540	0.55
1541	0.65
1542	0.4
1543	0.35
1544	0.93
1545	0.78
1546	0.57
1547	0.66
1548	0.81
1549	0.35
1550	0.73
1551	0.63
1552	0.66
1553	0.59
1554	0.97
1555	0.09
1556	0.73
1557	0.93
1558	0.88
1559	0.84
1560	0.63
1561	0.34
1562	0.34
1563	0.36
1564	0.21
1565	0.44
1566	0.73
1567	0.53
1568	0.26
1569	0.19
1570	0.31
1571	1.1
1572	0.6
1573	0.43
1574	0.72
1575	0.21
1576	0.21
1577	0.5
1578	0.51
1579	0.99
1580	0.69
1581	0.54
1582	0.19
1583	0.07
1584	0.63
1585	0.55
1586	0.7
1587	0.51
1588	0.49
1589	0.42
1590	0.05
1591	0.21
1592	0.66
1593	0.66
1594	0.6
1595	0.15
1596	0.58
1597	0.8
1598	0.63
1599	0.68
1600	0.39
1601	0.51
1602	0.56
1603	0.89
1604	0.73
1605	0.92
1606	0.6
1607	1.09
1608	0.31
1609	0.47
1610	0.04
1611	1.1
1612	0.6
1613	0.45
1614	0.48
1615	1.4
1616	0.64
1617	0.07
1618	0.31
1619	1.1
1620	0.11
1621	0.2
1622	1.18
1623	0.86
1624	0.19
1625	0.93
1626	0.95
1627	0.92
1628	0.56
1629	0.23
1630	0.42
1631	0.28
1632	0.96
1633	0.24
1634	0.35
1635	0.7
1636	0.93
1637	0.03
1638	0.67
1639	0.29
1640	0.35
1641	1.17
1642	0.79
1643	0.32
1644	0.0
1645	0.89
1646	0.02
1647	0.3
1648	1.42
1649	0.65
1650	0.27
1651	0.16
1652	0.74
1653	0.61
1654	0.61
1655	0.14
1656	0.61
1657	0.87
1658	0.5
1659	0.4
1660	0.58
1661	0.48
1662	0.84
1663	1.18
1664	0.49
1665	0.51
1666	0.83
1667	0.26
1668	0.26
1669	0.34
1670	0.22
1671	0.21
1672	0.74
1673	0.73
1674	0.44
1675	0.51
1676	0.67
1677	1.68
1678	0.41
1679	0.78
1680	0.01
1681	0.57
1682	0.92
1683	0.78
1684	0.6
1685	0.45
1686	0.71
1687	0.1
1688	0.31
1689	0.4
1690	0.21
1691	0.74
1692	0.38
1693	0.53
1694	0.13
1695	0.79
1696	0.55
1697	0.32
1698	0.12
1699	0.08
1700	0.54
1701	0.54
1702	0.18
1703	0.29
1704	0.62
1705	0.44
1706	0.06
1707	0.27
1708	0.2
1709	0.4
1710	0.75
1711	0.4
1712	0.96
1713	0.44
1714	0.46
1715	0.66
1716	0.52
1717	0.08
1718	0.49
1719	1.06
1720	0.07
1721	0.52
1722	0.81
1723	0.36
1724	0.27
1725	0.47
1726	0.7
1727	0.49
1728	0.47
1729	0.73
1730	0.21
1731	0.21
1732	0.03
1733	0.33
1734	0.86
1735	0.08
1736	0.65
1737	0.33
1738	0.45
1739	0.86
1740	0.4
1741	0.61
1742	0.38
1743	0.15
1744	0.51
1745	0.68
1746	0.09
1747	0.32
1748	0.33
1749	0.73
1750	0.73
1751	1.15
1752	0.54
1753	0.93
1754	0.15
1755	0.24
1756	0.13
1757	0.8
1758	0.33
1759	0.42
1760	0.66
1761	0.44
1762	0.28
1763	0.71
1764	0.34
1765	0.8
1766	0.84
1767	0.57
1768	0.46
1769	0.49
1770	0.48
1771	0.2
1772	0.91
1773	0.52
1774	0.2
1775	0.33
1776	0.32
1777	0.82
1778	0.43
1779	0.54
1780	0.33
1781	0.1
1782	0.41
1783	0.27
1784	0.07
1785	0.24
1786	1.01
1787	0.57
1788	0.07
1789	0.99
1790	0.38
1791	0.06
1792	0.39
1793	0.62
1794	0.69
1795	0.16
1796	0.73
1797	0.83
1798	0.18
1799	0.81
1800	0.43
1801	0.37
1802	0.46
1803	0.38
1804	0.94
1805	0.77
1806	0.54
1807	1.01
1808	0.57
1809	0.23
1810	0.15
1811	0.98
1812	0.65
1813	0.83
1814	0.24
1815	0.67
1816	0.24
1817	0.71
1818	0.31
1819	0.97
1820	0.19
1821	1.01
1822	0.48
1823	0.58
1824	0.47
1825	0.86
1826	0.58
1827	0.56
1828	0.9
1829	0.56
1830	0.77
1831	0.68
1832	0.73
1833	0.47
1834	0.08
1835	0.05
1836	1.07
1837	0.46
1838	0.21
1839	0.54
1840	0.23
1841	0.46
1842	0.61
1843	1.11
1844	0.53
1845	0.09
1846	0.14
1847	0.49
1848	0.29
1849	0.56
1850	0.77
1851	0.26
1852	0.62
1853	0.4
1854	0.4
1855	0.85
1856	0.24
1857	0.46
1858	0.44
1859	0.82
1860	0.57
1861	0.3
1862	1.05
1863	0.79
1864	0.26
1865	1.42
1866	1.2
1867	1.09
1868	0.26
1869	0.84
1870	0.21
1871	0.65
1872	0.3
1873	0.6
1874	0.51
1875	0.38
1876	1.03
1877	0.67
1878	0.61
1879	1.31
1880	0.4
1881	0.46
1882	0.91
1883	0.46
1884	0.77
1885	0.64
1886	0.48
1887	0.55
1888	0.36
1889	0.19
1890	0.1
1891	0.43
1892	0.71
1893	0.8
1894	0.7
1895	0.53
1896	0.83
1897	0.41
1898	0.44
1899	0.78
1900	0.03
1901	0.47
1902	0.77
1903	0.09
1904	1.08
1905	0.51
1906	0.06
1907	0.52
1908	0.63
1909	0.81
1910	0.39
1911	0.44
1912	0.37
1913	0.47
1914	0.87
1915	1.36
1916	0.84
1917	0.72
1918	0.21
1919	0.29
1920	0.54
1921	0.91
1922	0.43
1923	0.67
1924	0.91
1925	0.72
1926	1.13
1927	0.3
1928	0.62
1929	0.8
1930	0.41
1931	0.21
1932	0.34
1933	0.8
1934	0.74
1935	1.04
1936	0.53
1937	0.8
1938	0.37
1939	0.44
1940	0.36
1941	0.25
1942	0.86
1943	1.15
1944	0.67
1945	0.52
1946	0.52
1947	0.51
1948	0.52
1949	0.51
1950	0.93
1951	0.61
1952	0.85
1953	0.96
1954	0.67
1955	0.4
1956	0.26
1957	0.24
1958	0.4
1959	1.17
1960	0.55
1961	0.56
1962	0.82
1963	0.06
1964	0.32
1965	0.49
1966	0.46
1967	0.41
1968	0.49
1969	0.13
1970	0.86
1971	0.27
1972	0.89
1973	0.7
1974	0.69
1975	0.34
1976	0.44
1977	0.9
1978	0.93
1979	0.14
1980	0.58
1981	0.54
1982	0.84
1983	0.78
1984	0.62
1985	0.49
1986	0.12
1987	0.72
1988	0.2
1989	0.64
1990	0.2
1991	0.19
1992	0.67
1993	0.31
1994	0.1
1995	0.57
1996	0.39
1997	0.83
1998	0.63
1999	0.68
2000	0.32
2001	0.11
2002	0.4
2003	0.55
2004	0.63
2005	1.13
2006	0.86
2007	0.45
2008	0.92
2009	1.15
2010	1.02
2011	0.17
2012	0.43
2013	0.6
2014	0.67
2015	1.15
2016	0.96
2017	0.87
2018	0.19
2019	0.33
2020	0.55
2021	0.27
2022	0.47
2023	0.67
2024	0.88
2025	0.32
2026	0.59
2027	0.36
2028	0.55
2029	0.72
2030	0.45
2031	0.75
2032	0.07
2033	0.31
2034	0.64
2035	0.27
2036	0.43
2037	0.2
2038	0.72
2039	0.68
2040	0.2
2041	0.8
2042	1.09
2043	0.7
2044	0.5
2045	0.79
2046	0.38
2047	0.06
2048	0.47
2049	0.73
2050	0.59
2051	0.17
2052	0.66
2053	0.31
2054	0.24
2055	0.01
2056	0.37
2057	0.5
2058	0.12
2059	0.63
2060	0.14
2061	0.47
2062	0.38
2063	0.47
2064	0.4
2065	0.29
2066	0.16
2067	0.39
2068	0.39
2069	0.03
2070	0.97
2071	0.73
2072	0.93
2073	1.09
2074	0.2
2075	0.72
2076	0.08
2077	0.93
2078	0.09
2079	0.46
2080	0.19
2081	0.81
2082	0.87
2083	0.47
2084	0.6
2085	0.29
2086	0.22
2087	0.91
2088	0.19
2089	0.67
2090	0.85
2091	0.12
2092	0.18
2093	0.21
2094	0.96
2095	0.46
2096	0.88
2097	0.47
2098	0.89
2099	0.14
2100	0.37
2101	0.7
2102	0.48
2103	1.12
2104	0.83
2105	0.72
2106	0.29
2107	0.26
2108	0.73
2109	0.62
2110	0.57
2111	0.22
2112	0.43
2113	1.09
2114	0.6
2115	0.65
2116	1.14
2117	0.17
2118	0.58
2119	0.14
2120	0.27
2121	0.54
2122	0.29
2123	0.66
2124	0.64
2125	0.69
2126	0.75
2127	0.79
2128	0.77
2129	0.25
2130	0.46
2131	0.46
2132	0.76
2133	0.36
2134	0.3
2135	0.37
2136	0.53
2137	1.05
2138	0.6
2139	0.98
2140	0.88
2141	0.44
2142	0.5
2143	0.77
2144	0.57
2145	0.35
2146	0.43
2147	1.21
2148	0.46
2149	0.86
2150	0.27
2151	0.6
2152	1.16
2153	0.44
2154	0.33
2155	0.38
2156	0.71
2157	0.23
2158	0.41
2159	0.31
2160	0.82
2161	0.92
2162	0.62
2163	1.15
2164	0.63
2165	0.98
2166	0.72
2167	0.31
2168	0.76
2169	0.84
2170	0.11
2171	0.57
2172	0.52
2173	0.33
2174	0.55
2175	1.02
2176	0.74
2177	0.5
2178	0.62
2179	0.82
2180	1.14
2181	0.31
2182	0.47
2183	0.83
2184	0.1
2185	0.61
2186	0.78
2187	0.0
2188	0.34
2189	0.17
2190	0.15
2191	0.06
2192	0.04
2193	0.22
2194	0.27
2195	0.86
2196	0.8
2197	1.13
2198	0.28
2199	0.23
2200	0.16
2201	0.52
2202	0.73
2203	0.94
2204	0.99
2205	0.83
2206	0.58
2207	0.56
2208	0.35
2209	1.13
2210	0.51
2211	0.88
2212	0.69
2213	0.04
2214	0.26
2215	0.27
2216	0.94
2217	0.82
2218	0.56
2219	0.58
2220	0.64
2221	0.49
2222	0.88
2223	0.45
2224	0.35
2225	0.76
2226	0.55
2227	0.38
2228	0.41
2229	0.23
2230	0.7
2231	0.3
2232	0.19
2233	0.48
2234	0.28
2235	0.46
2236	0.41
2237	0.62
2238	0.59
2239	0.56
2240	0.37
2241	0.63
2242	0.53
2243	0.58
2244	0.55
2245	0.21
2246	0.14
2247	0.73
2248	0.23
2249	0.39
2250	0.95
2251	0.57
2252	0.33
2253	0.46
2254	1.13
2255	0.14
2256	0.54
2257	0.38
2258	0.34
2259	0.74
2260	0.41
2261	0.09
2262	1.12
2263	0.99
2264	0.45
2265	0.4
2266	0.54
2267	0.88
2268	0.65
2269	0.93
2270	0.71
2271	0.82
2272	0.85
2273	0.51
2274	0.06
2275	1.03
2276	0.08
2277	1.12
2278	0.28
2279	0.31
2280	0.59
2281	0.77
2282	0.53
2283	0.69
2284	0.79
2285	0.5
2286	0.92
2287	0.23
2288	0.7
2289	0.46
2290	0.22
2291	0.89
2292	0.44
2293	0.36
2294	0.41
2295	0.23
2296	0.24
2297	0.66
2298	0.84
2299	0.3
2300	0.65
2301	0.88
2302	0.99
2303	0.4
2304	0.39
2305	0.74
2306	1.11
2307	0.07
2308	0.39
2309	0.78
2310	0.17
2311	0.68
2312	0.84
2313	0.13
2314	0.19
2315	0.03
2316	1.12
2317	0.32
2318	0.04
2319	0.07
2320	0.28
2321	0.51
2322	0.8
2323	0.59
2324	0.92
2325	0.2
2326	0.35
2327	0.07
2328	0.82
2329	0.24
2330	0.03
2331	0.58
2332	1.18
2333	0.68
2334	0.97
2335	0.67
2336	0.35
2337	0.36
2338	0.62
2339	0.4
2340	0.34
2341	0.93
2342	0.06
2343	0.84
2344	0.25
2345	0.33
2346	0.62
2347	0.34
2348	0.67
2349	0.59
2350	0.5
2351	0.43
2352	0.5
2353	0.74
2354	0.88
2355	0.18
2356	0.79
2357	0.39
2358	0.53
2359	0.58
2360	1.07
2361	0.91
2362	0.37
2363	0.32
2364	0.63
2365	0.71
2366	0.53
2367	0.27
2368	0.85
2369	0.77
2370	0.63
2371	0.37
2372	0.48
2373	0.5
2374	0.58
2375	0.53
2376	0.77
2377	0.69
2378	0.52
2379	0.41
2380	0.94
2381	0.84
2382	0.48
2383	0.65
2384	0.12
2385	0.55
2386	0.11
2387	0.49
2388	0.35
2389	0.56
2390	0.74
2391	0.37
2392	0.71
2393	0.48
2394	0.76
2395	0.41
2396	1.04
2397	0.48
2398	0.19
2399	0.99
2400	0.92
2401	0.55
2402	0.11
2403	0.29
2404	0.37
2405	0.25
2406	0.68
2407	0.64
2408	0.9
2409	0.27
2410	0.75
2411	0.67
2412	0.4
2413	0.08
2414	0.83
2415	0.55
2416	0.4
2417	0.26
2418	0.46
2419	0.56
2420	0.64
2421	1.01
2422	0.22
2423	0.78
2424	0.69
2425	0.81
2426	0.93
2427	0.79
2428	0.61
2429	0.68
2430	0.27
2431	0.26
2432	0.22
2433	0.28
2434	0.51
2435	0.93
2436	0.19
2437	0.66
2438	0.42
2439	0.66
2440	0.59
2441	0.76
2442	1.08
2443	0.08
2444	0.33
2445	0.64
2446	0.16
2447	0.29
2448	0.51
2449	0.03
2450	0.93
2451	0.45
2452	0.23
2453	0.03
2454	0.24
2455	0.08
2456	0.78
2457	0.08
2458	0.36
2459	0.81
2460	0.69
2461	0.8
2462	0.91
2463	0.49
2464	0.57
2465	0.03
2466	0.12
2467	1.1
2468	0.87
2469	0.64
2470	0.39
2471	0.28
2472	0.42
2473	0.1
2474	0.99
2475	0.65
2476	1.27
2477	0.4
2478	0.67
2479	0.38
2480	1.3
2481	0.91
2482	1.06
2483	0.47
2484	0.5
2485	0.64
2486	0.06
2487	0.24
2488	1.12
2489	0.43
2490	0.23
2491	0.99
2492	0.41
2493	0.92
2494	1.21
2495	0.37
2496	0.05
2497	0.87
2498	1.39
2499	0.73
2500	0.2
2501	1.3
2502	0.2
2503	0.75
2504	0.19
2505	1.19
2506	0.16
2507	0.66
2508	0.44
2509	0.6
2510	0.38
2511	0.6
2512	0.73
2513	0.37
2514	0.71
2515	0.13
2516	0.61
2517	0.11
2518	0.76
2519	0.66
2520	0.06
2521	1.13
2522	0.42
2523	0.8
2524	0.6
2525	0.7
2526	0.4
2527	0.81
2528	0.33
2529	0.69
2530	0.49
2531	0.06
2532	0.49
2533	0.47
2534	0.52
2535	0.88
2536	0.22
2537	0.04
2538	1.13
2539	0.51
2540	0.21
2541	0.2
2542	0.24
2543	0.95
2544	0.32
2545	0.2
2546	0.59
2547	1.07
2548	0.36
2549	0.22
2550	0.41
2551	0.55
2552	0.93
2553	0.1
2554	0.55
2555	0.29
2556	0.59
2557	0.86
2558	0.17
2559	0.3
2560	0.23
2561	0.43
2562	0.06
2563	0.45
2564	0.55
2565	0.81
2566	0.68
2567	0.23
2568	0.63
2569	0.2
2570	0.52
2571	0.68
2572	0.79
2573	0.51
2574	0.56
2575	0.76
2576	0.22
2577	0.52
2578	0.36
2579	0.96
2580	1.07
2581	0.75
2582	0.55
2583	0.61
2584	0.75
2585	0.47
2586	0.52
2587	0.64
2588	0.84
2589	0.45
2590	0.06
2591	1.17
2592	0.35
2593	0.3
2594	0.27
2595	1.13
2596	0.99
2597	0.92
2598	0.99
2599	1.04
2600	0.77
2601	0.69
2602	0.59
2603	0.43
2604	1.04
2605	0.5
2606	0.64
2607	0.42
2608	0.52
2609	0.71
2610	0.72
2611	0.51
2612	0.53
2613	1.24
2614	0.59
2615	0.26
2616	0.29
2617	0.64
2618	0.48
2619	0.22
2620	0.39
2621	1.13
2622	0.46
2623	0.6
2624	0.46
2625	0.87
2626	0.15
2627	1.02
2628	0.65
2629	0.26
2630	0.06
2631	0.22
2632	0.89
2633	0.48
2634	0.18
2635	0.4
2636	0.23
2637	0.36
2638	0.15
2639	0.35
2640	0.48
2641	0.45
2642	0.64
2643	0.72
2644	1.24
2645	0.84
2646	0.71
2647	0.28
2648	0.43
2649	0.4
2650	0.15
2651	0.72
2652	1.07
2653	1.03
2654	0.35
2655	0.52
2656	0.58
2657	0.72
2658	0.56
2659	1.47
2660	1.06
2661	0.5
2662	0.34
2663	0.24
2664	0.39
2665	0.65
2666	0.24
2667	0.44
2668	0.89
2669	0.13
2670	0.68
2671	0.34
2672	0.33
2673	0.6
2674	0.16
2675	0.16
2676	0.45
2677	0.38
2678	0.81
2679	0.36
2680	0.67
2681	1.08
2682	0.73
2683	0.03
2684	0.38
2685	0.64
2686	0.38
2687	0.89
2688	0.09
2689	0.53
2690	0.89
2691	0.79
2692	0.71
2693	0.46
2694	0.12
2695	0.54
2696	0.12
2697	0.54
2698	0.13
2699	0.48
2700	0.34
2701	0.03
2702	1.07
2703	0.08
2704	0.88
2705	0.98
2706	0.67
2707	0.78
2708	0.54
2709	0.43
2710	0.09
2711	0.89
2712	0.59
2713	0.04
2714	0.29
2715	0.45
2716	0.65
2717	1.22
2718	0.65
2719	1.03
2720	0.44
2721	0.52
2722	0.8
2723	0.87
2724	0.76
2725	0.71
2726	0.24
2727	0.48
2728	1.06
2729	0.46
2730	0.3
2731	0.65
2732	0.66
2733	0.62
2734	0.5
2735	0.74
2736	0.44
2737	1.04
2738	0.79
2739	0.21
2740	0.52
2741	0.44
2742	0.98
2743	0.29
2744	0.08
2745	0.89
2746	0.69
2747	0.42
2748	0.4
2749	0.51
2750	1.18
2751	0.38
2752	0.75
2753	0.03
2754	1.03
2755	0.83
2756	0.81
2757	1.34
2758	0.72
2759	0.06
2760	0.41
2761	0.25
2762	0.48
2763	0.28
2764	0.64
2765	0.52
2766	0.59
2767	0.34
2768	0.22
2769	0.09
2770	0.84
2771	1.11
2772	0.3
2773	0.35
2774	0.41
2775	0.52
2776	0.57
2777	1.08
2778	0.77
2779	0.11
2780	0.49
2781	0.7
2782	0.56
2783	0.25
2784	0.63
2785	0.94
2786	0.43
2787	0.76
2788	0.75
2789	0.65
2790	0.5
2791	0.55
2792	0.34
2793	0.52
2794	0.57
2795	0.75
2796	0.51
2797	0.41
2798	0.38
2799	0.48
2800	0.87
2801	0.44
2802	0.15
2803	0.97
2804	1.08
2805	0.83
2806	0.54
2807	0.37
2808	1.06
2809	1.34
2810	0.8
2811	0.34
2812	0.65
2813	0.56
2814	0.02
2815	0.64
2816	0.77
2817	0.1
2818	0.12
2819	0.51
2820	0.57
2821	0.57
2822	0.57
2823	0.66
2824	0.61
2825	0.41
2826	1.23
2827	0.49
2828	0.75
2829	0.89
2830	0.49
2831	0.48
2832	0.31
2833	0.62
2834	0.98
2835	0.78
2836	0.44
2837	0.21
2838	0.79
2839	0.22
2840	0.16
2841	0.44
2842	0.89
2843	0.11
2844	1.09
2845	0.42
2846	0.04
2847	0.19
2848	0.16
2849	0.44
2850	0.77
2851	1.0
2852	0.54
2853	0.74
2854	0.6
2855	0.29
2856	0.99
2857	0.95
2858	0.09
2859	0.74
2860	0.28
2861	0.86
2862	0.27
2863	0.81
2864	0.97
2865	0.67
2866	0.44
2867	0.51
2868	0.74
2869	0.08
2870	0.76
2871	0.2
2872	0.83
2873	0.33
2874	0.85
2875	0.52
2876	0.34
2877	0.82
2878	0.6
2879	0.63
2880	0.49
2881	0.65
2882	0.48
2883	0.03
2884	0.52
2885	0.05
2886	0.1
2887	1.25
2888	0.28
2889	1.13
2890	0.43
2891	0.41
2892	0.66
2893	0.26
2894	0.77
2895	0.37
2896	0.25
2897	0.72
2898	0.28
2899	0.32
2900	0.55
2901	0.87
2902	0.17
2903	0.93
2904	1.13
2905	0.72
2906	1.14
2907	0.99
2908	0.39
2909	0.21
2910	0.34
2911	0.37
2912	0.67
2913	0.45
2914	0.11
2915	0.18
2916	0.54
2917	0.5
2918	0.31
2919	0.36
2920	0.57
2921	0.09
2922	0.62
2923	0.37
2924	0.96
2925	0.5
2926	0.42
2927	0.18
2928	0.93
2929	0.9
2930	0.56
2931	0.8
2932	0.61
2933	0.01
2934	0.48
2935	0.34
2936	0.14
2937	0.67
2938	0.42
2939	0.64
2940	0.08
2941	0.5
2942	0.01
2943	0.13
2944	1.27
2945	0.64
2946	0.72
2947	0.43
2948	0.79
2949	0.05
2950	0.52
2951	0.69
2952	0.56
2953	0.4
2954	0.41
2955	0.64
2956	0.57
2957	0.62
2958	0.91
2959	0.32
2960	0.95
2961	0.34
2962	1.06
2963	0.78
2964	0.48
2965	0.24
2966	0.5
2967	1.03
2968	0.48
2969	0.87
2970	0.79
2971	0.74
2972	0.53
2973	1.07
2974	0.69
2975	0.76
2976	0.32
2977	0.67
2978	0.65
2979	1.36
2980	0.29
2981	0.71
2982	0.05
2983	0.09
2984	0.63
2985	0.13
2986	1.06
2987	0.55
2988	0.44
2989	0.73
2990	0.25
2991	1.05
2992	0.97
2993	0.27
2994	0.59
2995	0.67
2996	0.43
2997	0.76
2998	0.7
2999	0.48
3000	0.32
3001	0.95
3002	0.74
3003	0.48
3004	0.55
3005	0.08
3006	0.57
3007	0.4
3008	0.85
3009	0.53
3010	0.13
3011	0.64
3012	0.62
3013	0.26
3014	0.6
3015	1.24
3016	0.46
3017	0.38
3018	0.59
3019	0.89
3020	1.06
3021	0.17
3022	0.35
3023	0.6
3024	0.27
3025	0.75
3026	0.03
3027	0.69
3028	0.25
3029	0.34
3030	0.54
3031	0.16
3032	0.37
3033	0.6
3034	0.38
3035	0.57
3036	0.87
3037	0.39
3038	0.49
3039	0.02
3040	0.4
3041	0.4
3042	1.0
3043	0.05
3044	0.71
3045	0.65
3046	0.79
3047	0.76
3048	0.8
3049	0.55
3050	0.75
3051	0.57
3052	0.57
3053	0.08
3054	1.35
3055	0.66
3056	0.39
3057	0.38
3058	0.2
3059	0.83
3060	0.2
3061	1.43
3062	0.62
3063	0.82
3064	0.62
3065	0.62
3066	0.22
3067	0.48
3068	0.65
3069	0.1
3070	0.84
3071	0.03
3072	1.0
3073	0.24
3074	0.46
3075	1.01
3076	0.85
3077	0.84
3078	0.67
3079	0.34
3080	1.14
3081	0.3
3082	0.11
3083	0.37
3084	1.06
3085	0.32
3086	0.47
3087	0.82
3088	0.6
3089	0.25
3090	0.86
3091	0.15
3092	0.85
3093	0.33
3094	0.76
3095	0.32
3096	1.16
3097	0.97
3098	0.54
3099	0.62
3100	1.0
3101	0.32
3102	0.5
3103	0.36
3104	0.16
3105	0.85
3106	0.3
3107	0.21
3108	0.35
3109	0.33
3110	0.43
3111	0.77
3112	0.85
3113	0.27
3114	0.14
3115	0.45
3116	0.48
3117	0.72
3118	0.31
3119	1.15
3120	0.6
3121	0.92
3122	0.33
3123	0.4
3124	0.81
3125	0.92
3126	0.63
3127	0.45
3128	0.29
3129	1.17
3130	0.58
3131	0.66
3132	0.51
3133	0.79
3134	0.85
3135	0.15
3136	0.39
3137	0.6
3138	0.42
3139	0.98
3140	0.23
3141	0.44
3142	0.15
3143	0.48
3144	0.04
3145	0.84
3146	0.26
3147	0.12
3148	0.58
3149	1.07
3150	0.58
3151	0.64
3152	0.89
3153	0.36
3154	1.09
3155	0.23
3156	0.32
3157	1.07
3158	0.13
3159	0.63
3160	0.63
3161	0.28
3162	0.79
3163	0.53
3164	0.37
3165	0.08
3166	0.21
3167	0.89
3168	0.82
3169	0.93
3170	0.66
3171	0.19
3172	0.18
3173	0.1
3174	0.1
3175	0.17
3176	0.79
3177	0.75
3178	0.21
3179	0.73
3180	0.5
3181	0.25
3182	0.49
3183	0.49
3184	0.46
3185	0.14
3186	0.37
3187	0.52
3188	0.3
3189	0.34
3190	0.54
3191	0.56
3192	0.28
3193	0.46
3194	0.52
3195	0.44
3196	0.19
3197	0.58
3198	0.88
3199	0.49
3200	0.61
3201	0.41
3202	0.11
3203	0.25
3204	0.62
3205	0.69
3206	0.5
3207	0.28
3208	0.86
3209	0.63
3210	0.11
3211	0.88
3212	0.5
3213	0.33
3214	0.39
3215	0.86
3216	0.03
3217	0.59
3218	0.84
3219	0.24
3220	0.19
3221	0.51
3222	0.36
3223	0.32
3224	0.82
3225	0.23
3226	1.21
3227	0.77
3228	0.33
3229	0.68
3230	0.82
3231	0.77
3232	0.89
3233	0.76
3234	0.86
3235	0.77
3236	0.73
3237	0.6
3238	0.48
3239	0.47
3240	0.65
3241	0.34
3242	0.17
3243	0.32
3244	0.41
3245	0.37
3246	0.46
3247	0.15
3248	0.47
3249	0.84
3250	0.41
3251	0.55
3252	0.3
3253	0.2
3254	0.3
3255	0.16
3256	0.59
3257	0.43
3258	0.49
3259	0.14
3260	1.04
3261	0.57
3262	0.84
3263	0.87
3264	0.59
3265	0.31
3266	0.27
3267	0.92
3268	0.19
3269	0.15
3270	1.33
3271	0.42
3272	0.28
3273	0.46
3274	0.56
3275	0.41
3276	0.21
3277	1.41
3278	0.47
3279	0.23
3280	0.73
3281	0.41
3282	0.35
3283	0.41
3284	0.64
3285	0.67
3286	0.72
3287	0.46
3288	0.63
3289	0.16
3290	1.55
3291	0.17
3292	1.22
3293	0.69
3294	1.06
3295	0.56
3296	0.63
3297	0.64
3298	0.19
3299	0.35
3300	0.3
3301	0.45
3302	0.54
3303	0.88
3304	0.05
3305	0.0
3306	0.31
3307	0.5
3308	0.43
3309	0.46
3310	0.5
3311	0.74
3312	0.44
3313	0.62
3314	0.85
3315	0.42
3316	0.69
3317	0.68
3318	0.08
3319	0.21
3320	0.38
3321	0.71
3322	0.61
3323	0.51
3324	0.73
3325	0.48
3326	0.89
3327	0.7
3328	0.48
3329	0.64
3330	0.2
3331	0.02
3332	0.32
3333	0.12
3334	0.65
3335	0.64
3336	0.5
3337	0.57
3338	0.38
3339	0.4
3340	0.41
3341	1.01
3342	0.02
3343	0.4
3344	0.58
3345	0.93
3346	0.87
3347	0.08
3348	0.27
3349	0.37
3350	0.09
3351	0.75
3352	0.14
3353	0.63
3354	0.86
3355	0.49
3356	0.07
3357	0.68
3358	0.63
3359	0.55
3360	0.99
3361	0.67
3362	0.85
3363	0.44
3364	0.31
3365	0.37
3366	0.72
3367	0.49
3368	1.4
3369	0.03
3370	0.88
3371	0.23
3372	0.25
3373	0.55
3374	0.1
3375	0.71
3376	0.65
3377	0.61
3378	0.98
3379	1.06
3380	0.62
3381	1.08
3382	1.13
3383	0.12
3384	0.44
3385	0.16
3386	0.38
3387	0.29
3388	0.53
3389	0.95
3390	0.29
3391	0.53
3392	0.57
3393	0.38
3394	0.28
3395	1.39
3396	0.3
3397	1.33
3398	0.85
3399	1.23
3400	0.5
3401	0.33
3402	0.07
3403	0.58
3404	0.81
3405	0.09
3406	0.19
3407	0.79
3408	0.82
3409	0.18
3410	0.13
3411	0.29
3412	0.34
3413	0.32
3414	0.42
3415	0.67
3416	0.98
3417	0.35
3418	1.14
3419	0.84
3420	0.73
3421	0.86
3422	0.76
3423	0.74
3424	0.22
3425	1.14
3426	0.8
3427	0.4
3428	0.34
3429	0.45
3430	0.99
3431	0.35
3432	0.81
3433	1.03
3434	0.43
3435	0.52
3436	0.31
3437	0.27
3438	0.61
3439	1.22
3440	0.13
3441	0.98
3442	0.4
3443	0.73
3444	0.6
3445	1.09
3446	0.29
3447	0.33
3448	0.76
3449	0.9
3450	0.57
3451	0.23
3452	0.67
3453	0.31
3454	0.37
3455	0.85
3456	0.53
3457	0.15
3458	0.32
3459	0.29
3460	0.2
3461	0.05
3462	0.79
3463	0.65
3464	0.66
3465	0.77
3466	0.16
3467	0.17
3468	0.97
3469	0.6
3470	0.4
3471	1.44
3472	0.58
3473	0.96
3474	0.78
3475	0.5
3476	0.79
3477	0.69
3478	0.19
3479	0.37
3480	0.35
3481	1.12
3482	0.41
3483	0.37
3484	0.56
3485	0.8
3486	0.22
3487	0.58
3488	0.28
3489	0.63
3490	0.42
3491	1.0
3492	0.26
3493	0.69
3494	0.34
3495	0.18
3496	0.25
3497	1.01
3498	0.72
3499	0.95
3500	0.69
3501	0.4
3502	0.51
3503	0.5
3504	0.38
3505	0.74
3506	0.43
3507	0.25
3508	0.16
3509	0.15
3510	0.81
3511	0.22
3512	0.18
3513	0.41
3514	0.32
3515	0.81
3516	1.07
3517	0.27
3518	0.03
3519	0.84
3520	1.07
3521	0.41
3522	0.91
3523	0.52
3524	0.36
3525	0.33
3526	0.57
3527	0.21
3528	0.35
3529	0.5
3530	0.18
3531	0.57
3532	0.63
3533	0.83
3534	0.79
3535	1.23
3536	0.03
3537	0.1
3538	0.28
3539	0.61
3540	1.08
3541	0.76
3542	0.68
3543	1.06
3544	0.42
3545	0.35
3546	0.52
3547	0.56
3548	0.99
3549	0.49
3550	1.08
3551	0.18
3552	0.22
3553	0.95
3554	0.27
3555	0.18
3556	0.34
3557	0.06
3558	0.62
3559	0.61
3560	0.28
3561	1.42
3562	0.9
3563	0.13
3564	0.41
3565	0.04
3566	0.39
3567	0.49
3568	0.39
3569	0.2
3570	0.57
3571	0.56
3572	0.18
3573	0.0
3574	0.15
3575	0.54
3576	0.01
3577	0.53
3578	0.31
3579	0.24
3580	0.49
3581	0.04
3582	0.78
3583	1.17
3584	1.03
3585	0.31
3586	0.08
3587	0.46
3588	0.26
3589	0.66
3590	0.68
3591	1.12
3592	0.09
3593	0.54
3594	0.91
3595	0.14
3596	0.27
3597	0.09
3598	0.49
3599	0.52
3600	0.81
3601	0.49
3602	0.11
3603	0.62
3604	0.63
3605	1.02
3606	0.29
3607	0.29
3608	0.21
3609	0.56
3610	1.11
3611	0.65
3612	0.28
3613	0.86
3614	0.44
3615	1.05
3616	0.82
3617	0.53
3618	0.4
3619	0.04
3620	0.16
3621	0.55
3622	1.27
3623	0.64
3624	0.56
3625	0.59
3626	0.38
3627	0.94
3628	0.82
3629	0.02
3630	0.34
3631	0.54
3632	0.41
3633	0.94
3634	0.4
3635	0.23
3636	0.75
3637	0.52
3638	0.38
3639	0.41
3640	0.79
3641	0.49
3642	0.85
3643	0.38
3644	0.3
3645	0.27
3646	0.35
3647	0.62
3648	0.5
3649	0.87
3650	0.01
3651	0.38
3652	0.05
3653	0.36
3654	0.47
3655	1.47
3656	0.39
3657	0.02
3658	0.39
3659	1.13
3660	0.41
3661	0.79
3662	0.35
3663	0.13
3664	0.86
3665	0.81
3666	0.62
3667	0.89
3668	0.63
3669	0.45
3670	0.79
3671	0.56
3672	0.31
3673	0.76
3674	0.6
3675	0.93
3676	0.97
3677	1.14
3678	0.46
3679	0.36
3680	0.54
3681	0.97
3682	0.3
3683	0.22
3684	0.97
3685	0.12
3686	0.42
3687	0.75
3688	0.3
3689	1.0
3690	0.73
3691	0.88
3692	0.44
3693	0.86
3694	1.17
3695	0.61
3696	0.76
3697	0.61
3698	0.29
3699	0.64
3700	0.46
3701	0.37
3702	0.5
3703	0.4
3704	0.56
3705	0.28
3706	0.54
3707	0.53
3708	0.38
3709	0.25
3710	0.92
3711	0.43
3712	0.71
3713	0.24
3714	0.53
3715	0.4
3716	0.68
3717	0.39
3718	0.51
3719	0.56
3720	0.92
3721	0.45
3722	0.82
3723	0.38
3724	0.51
3725	0.83
3726	0.24
3727	1.22
3728	0.62
3729	0.81
3730	0.94
3731	0.23
3732	0.19
3733	0.64
3734	0.3
3735	0.99
3736	0.05
3737	0.49
3738	0.53
3739	0.38
3740	0.01
3741	1.04
3742	0.91
3743	0.57
3744	0.66
3745	0.42
3746	0.59
3747	1.17
3748	0.79
3749	0.66
3750	0.51
3751	0.85
3752	0.67
3753	0.71
3754	0.92
3755	0.55
3756	0.28
3757	1.04
3758	0.61
3759	0.78
3760	0.09
3761	0.79
3762	0.88
3763	0.8
3764	0.56
3765	0.49
3766	0.64
3767	0.54
3768	0.8
3769	0.21
3770	0.95
3771	0.33
3772	1.29
3773	0.24
3774	0.89
3775	0.44
3776	0.55
3777	0.95
3778	0.12
3779	0.37
3780	0.38
3781	0.18
3782	0.84
3783	0.57
3784	0.57
3785	0.75
3786	0.22
3787	0.51
3788	0.06
3789	0.93
3790	0.79
3791	0.25
3792	0.19
3793	0.77
3794	0.51
3795	0.84
3796	0.37
3797	0.29
3798	0.27
3799	1.24
3800	0.08
3801	0.14
3802	0.65
3803	0.33
3804	0.13
3805	0.84
3806	0.05
3807	0.82
3808	0.43
3809	0.43
3810	0.21
3811	0.45
3812	0.85
3813	0.68
3814	0.0
3815	0.01
3816	0.79
3817	0.5
3818	0.82
3819	0.08
3820	0.71
3821	0.28
3822	0.01
3823	0.31
3824	0.73
3825	0.31
3826	0.32
3827	0.25
3828	0.06
3829	0.52
3830	0.73
3831	0.94
3832	0.26
3833	1.04
3834	0.63
3835	0.13
3836	0.29
3837	0.21
3838	0.37
3839	0.62
3840	0.38
3841	0.61
3842	0.73
3843	0.27
3844	1.01
3845	0.67
3846	0.54
3847	0.31
3848	0.57
3849	0.0
3850	0.54
3851	0.04
3852	0.33
3853	0.65
3854	0.95
3855	0.58
3856	0.29
3857	0.78
3858	0.86
3859	0.52
3860	0.24
3861	0.16
3862	0.3
3863	0.05
3864	0.4
3865	0.47
3866	0.47
3867	0.21
3868	0.42
3869	0.67
3870	0.6
3871	0.08
3872	0.61
3873	1.04
3874	0.15
3875	0.06
3876	0.4
3877	0.22
3878	0.41
3879	0.55
3880	0.46
3881	1.06
3882	0.18
3883	0.48
3884	0.14
3885	1.02
3886	0.53
3887	0.26
3888	0.29
3889	0.64
3890	0.47
3891	0.44
3892	1.17
3893	0.32
3894	0.73
3895	0.65
3896	0.48
3897	0.46
3898	0.09
3899	0.73
3900	0.63
3901	0.78
3902	0.22
3903	1.37
3904	0.63
3905	0.65
3906	0.44
3907	0.98
3908	0.93
3909	0.05
3910	1.01
3911	0.71
3912	0.52
3913	0.74
3914	0.14
3915	0.55
3916	1.13
3917	0.11
3918	0.54
3919	0.25
3920	1.0
3921	0.59
3922	0.3
3923	0.41
3924	0.47
3925	0.41
3926	0.11
3927	0.34
3928	0.74
3929	0.44
3930	0.5
3931	0.71
3932	0.53
3933	0.96
3934	0.71
3935	0.9
3936	0.41
3937	0.68
3938	0.62
3939	0.51
3940	0.77
3941	0.11
3942	0.74
3943	0.73
3944	0.34
3945	0.32
3946	0.45
3947	0.99
3948	1.04
3949	0.5
3950	0.66
3951	0.4
3952	0.54
3953	0.69
3954	0.56
3955	0.5
3956	0.61
3957	0.65
3958	0.64
3959	0.71
3960	0.46
3961	0.56
3962	0.39
3963	0.75
3964	0.16
3965	0.7
3966	0.39
3967	0.34
3968	0.74
3969	0.86
3970	0.74
3971	0.08
3972	0.42
3973	0.51
3974	0.91
3975	1.38
3976	0.28
3977	0.62
3978	0.28
3979	1.21
3980	0.92
3981	0.75
3982	0.78
3983	1.02
3984	0.47
3985	0.07
3986	0.73
3987	0.42
3988	0.32
3989	1.13
3990	1.02
3991	0.19
3992	0.6
3993	0.97
3994	0.89
3995	0.09
3996	0.78
3997	0.28
3998	0.28
3999	0.56
4000	0.21
4001	0.68
4002	1.2
4003	0.46
4004	0.22
4005	0.5
4006	0.36
4007	0.81
4008	0.28
4009	1.09
4010	0.53
4011	0.17
4012	0.67
4013	0.62
4014	1.24
4015	0.38
4016	0.34
4017	0.09
4018	0.39
4019	0.09
4020	0.13
4021	0.67
4022	0.66
4023	0.38
4024	0.18
4025	0.19
4026	0.48
4027	0.53
4028	0.27
4029	0.36
4030	0.67
4031	0.61
4032	0.85
4033	0.32
4034	0.32
4035	0.68
4036	0.63
4037	0.69
4038	0.02
4039	0.13
4040	0.52
4041	0.62
4042	0.08
4043	1.24
4044	1.03
4045	0.54
4046	1.12
4047	0.56
4048	0.43
4049	0.79
4050	0.0
4051	0.19
4052	0.16
4053	0.34
4054	0.07
4055	0.27
4056	0.57
4057	0.35
4058	0.68
4059	0.7
4060	0.28
4061	0.83
4062	0.8
4063	0.68
4064	0.12
4065	0.64
4066	0.01
4067	0.21
4068	0.07
4069	0.23
4070	0.6
4071	0.81
4072	1.26
4073	0.26
4074	0.27
4075	0.27
4076	0.76
4077	0.36
4078	0.67
4079	0.84
4080	0.69
4081	1.07
4082	0.42
4083	0.1
4084	0.2
4085	0.24
4086	1.17
4087	0.38
4088	1.03
4089	1.05
4090	0.05
4091	0.61
4092	0.26
4093	0.85
4094	0.23
4095	0.23
4096	0.54
4097	0.42
4098	0.05
4099	0.14
4100	0.83
4101	0.27
4102	0.22
4103	0.51
4104	0.3
4105	0.26
4106	0.5
4107	0.66
4108	0.83
4109	0.48
4110	0.15
4111	0.3
4112	0.53
4113	0.47
4114	0.63
4115	0.77
4116	0.97
4117	0.3
4118	0.52
4119	0.64
4120	0.23
4121	0.38
4122	0.69
4123	0.33
4124	0.6
4125	0.55
4126	0.69
4127	0.36
4128	0.12
4129	0.42
4130	0.61
4131	0.5
4132	0.48
4133	0.87
4134	0.63
4135	0.71
4136	0.07
4137	0.11
4138	0.42
4139	0.69
4140	0.2
4141	0.19
4142	0.64
4143	0.01
4144	1.09
4145	1.08
4146	0.26
4147	0.58
4148	0.49
4149	0.42
4150	0.81
4151	0.36
4152	0.62
4153	0.48
4154	0.75
4155	0.85
4156	0.31
4157	0.83
4158	0.22
4159	0.02
4160	0.12
4161	0.16
4162	0.56
4163	0.56
4164	0.21
4165	0.45
4166	0.77
4167	0.92
4168	0.12
4169	0.74
4170	0.92
4171	0.3
4172	0.33
4173	0.08
4174	0.78
4175	0.61
4176	0.49
4177	1.01
4178	0.91
4179	1.24
4180	0.47
4181	0.15
4182	0.04
4183	0.71
4184	0.31
4185	0.52
4186	0.52
4187	0.36
4188	0.61
4189	0.53
4190	0.47
4191	0.57
4192	0.42
4193	0.55
4194	0.36
4195	0.82
4196	0.41
4197	0.9
4198	0.95
4199	0.19
4200	0.54
4201	0.51
4202	1.22
4203	0.78
4204	0.38
4205	0.24
4206	0.35
4207	0.28
4208	0.19
4209	0.58
4210	0.58
4211	0.41
4212	0.12
4213	0.87
4214	0.73
4215	0.94
4216	0.64
4217	0.47
4218	0.29
4219	0.43
4220	0.16
4221	0.28
4222	0.76
4223	0.57
4224	1.11
4225	0.71
4226	1.07
4227	0.36
4228	0.61
4229	0.3
4230	0.52
4231	0.36
4232	0.44
4233	0.02
4234	1.16
4235	0.92
4236	0.48
4237	0.32
4238	0.59
4239	0.63
4240	1.31
4241	0.28
4242	0.15
4243	0.45
4244	0.61
4245	0.38
4246	0.45
4247	0.81
4248	0.05
4249	0.09
4250	0.97
4251	0.36
4252	0.5
4253	0.3
4254	0.98
4255	0.19
4256	0.57
4257	0.59
4258	0.84
4259	1.1
4260	0.67
4261	0.3
4262	1.23
4263	0.83
4264	0.81
4265	0.78
4266	0.44
4267	0.71
4268	0.71
4269	0.54
4270	0.36
4271	0.23
4272	0.52
4273	0.95
4274	1.05
4275	0.66
4276	0.15
4277	0.56
4278	0.72
4279	0.26
4280	0.33
4281	0.55
4282	0.15
4283	0.73
4284	1.11
4285	0.84
4286	0.55
4287	0.12
4288	0.14
4289	0.15
4290	0.22
4291	0.42
4292	0.61
4293	0.76
4294	0.17
4295	0.22
4296	0.81
4297	0.6
4298	0.54
4299	0.61
4300	1.01
4301	1.11
4302	0.13
4303	0.37
4304	0.21
4305	0.13
4306	0.45
4307	0.87
4308	0.59
4309	0.58
4310	0.1
4311	0.36
4312	1.08
4313	0.19
4314	0.69
4315	0.28
4316	0.28
4317	0.39
4318	0.92
4319	0.89
4320	0.28
4321	0.57
4322	0.24
4323	0.22
4324	0.14
4325	0.64
4326	0.36
4327	0.23
4328	0.38
4329	0.37
4330	0.89
4331	0.18
4332	0.43
4333	0.39
4334	0.39
4335	0.66
4336	0.8
4337	0.6
4338	1.06
4339	0.24
4340	0.72
4341	0.91
4342	0.52
4343	0.39
4344	0.73
4345	0.24
4346	0.58
4347	0.99
4348	0.2
4349	1.28
4350	0.09
4351	0.36
4352	1.05
4353	0.51
4354	0.31
4355	0.14
4356	1.38
4357	0.86
4358	0.58
4359	0.54
4360	0.77
4361	0.52
4362	0.11
4363	0.16
4364	0.75
4365	0.45
4366	0.01
4367	0.57
4368	1.19
4369	0.3
4370	0.81
4371	0.24
4372	1.01
4373	1.31
4374	0.59
4375	0.74
4376	0.44
4377	0.73
4378	0.61
4379	1.03
4380	0.51
4381	0.8
4382	0.27
4383	0.58
4384	0.04
4385	0.4
4386	0.07
4387	0.85
4388	0.24
4389	0.67
4390	0.61
4391	0.44
4392	0.85
4393	1.11
4394	0.66
4395	0.73
4396	0.95
4397	0.43
4398	0.42
4399	1.07
4400	0.42
4401	0.4
4402	0.99
4403	0.65
4404	0.32
4405	0.28
4406	0.53
4407	0.52
4408	0.37
4409	0.84
4410	0.76
4411	0.53
4412	0.37
4413	0.25
4414	0.37
4415	0.44
4416	1.14
4417	0.04
4418	0.55
4419	0.84
4420	1.35
4421	0.24
4422	0.09
4423	1.01
4424	0.32
4425	0.26
4426	0.44
4427	0.39
4428	0.48
4429	0.82
4430	0.59
4431	0.18
4432	0.55
4433	0.99
4434	0.64
4435	0.26
4436	0.64
4437	0.93
4438	0.43
4439	0.19
4440	0.93
4441	0.97
4442	0.23
4443	0.43
4444	1.45
4445	0.54
4446	0.82
4447	0.31
4448	0.83
4449	0.56
4450	0.44
4451	0.8
4452	0.34
4453	0.3
4454	0.42
4455	0.47
4456	0.35
4457	0.64
4458	0.22
4459	0.85
4460	0.68
4461	0.49
4462	0.41
4463	0.81
4464	0.6
4465	0.49
4466	0.8
4467	0.27
4468	0.86
4469	0.71
4470	0.39
4471	0.51
4472	0.86
4473	0.87
4474	0.42
4475	0.6
4476	1.02
4477	0.42
4478	0.35
4479	0.78
4480	0.72
4481	0.39
4482	0.95
4483	0.54
4484	0.12
4485	0.84
4486	0.78
4487	0.45
4488	0.41
4489	0.19
4490	0.04
4491	0.19
4492	0.65
4493	0.39
4494	0.35
4495	0.64
4496	0.23
4497	0.93
4498	0.51
4499	0.39
4500	0.42
4501	0.07
4502	0.58
4503	0.6
4504	0.43
4505	0.53
4506	0.96
4507	0.5
4508	0.45
4509	0.07
4510	0.25
4511	0.65
4512	0.39
4513	0.0
4514	0.62
4515	0.31
4516	0.73
4517	0.12
4518	0.96
4519	0.9
4520	0.15
4521	0.12
4522	0.39
4523	1.35
4524	0.48
4525	0.96
4526	0.41
4527	0.28
4528	0.07
4529	0.91
4530	0.32
4531	0.41
4532	0.52
4533	0.7
4534	1.22
4535	0.71
4536	0.75
4537	1.01
4538	0.18
4539	1.39
4540	0.44
4541	0.46
4542	0.58
4543	0.24
4544	0.34
4545	0.32
4546	0.54
4547	1.14
4548	0.3
4549	0.05
4550	0.27
4551	0.88
4552	0.41
4553	0.52
4554	0.95
4555	0.52
4556	0.15
4557	0.58
4558	0.32
4559	0.2
4560	0.42
4561	0.28
4562	0.85
4563	0.22
4564	0.76
4565	0.27
4566	0.69
4567	0.32
4568	0.13
4569	0.57
4570	0.54
4571	0.03
4572	0.44
4573	0.24
4574	0.1
4575	0.65
4576	0.63
4577	0.75
4578	0.38
4579	0.56
4580	0.81
4581	0.02
4582	1.05
4583	0.77
4584	0.51
4585	0.68
4586	0.3
4587	0.24
4588	0.32
4589	0.13
4590	0.24
4591	0.88
4592	0.81
4593	0.18
4594	0.38
4595	0.27
4596	0.48
4597	0.72
4598	0.11
4599	0.6
4600	0.39
4601	0.59
4602	1.07
4603	0.54
4604	0.3
4605	0.64
4606	0.25
4607	0.64
4608	0.68
4609	0.25
4610	0.67
4611	0.61
4612	0.15
4613	0.88
4614	0.2
4615	0.45
4616	0.15
4617	0.43
4618	0.41
4619	0.76
4620	0.53
4621	0.2
4622	0.51
4623	0.1
4624	0.62
4625	0.57
4626	0.42
4627	0.88
4628	0.2
4629	0.69
4630	0.06
4631	0.73
4632	0.37
4633	0.73
4634	1.06
4635	0.71
4636	0.79
4637	0.38
4638	0.19
4639	0.31
4640	0.43
4641	0.75
4642	0.49
4643	0.39
4644	0.65
4645	1.12
4646	0.74
4647	0.04
4648	0.65
4649	0.34
4650	0.32
4651	0.1
4652	0.82
4653	0.16
4654	0.14
4655	0.9
4656	0.73
4657	0.22
4658	1.07
4659	0.83
4660	0.72
4661	0.84
4662	0.43
4663	0.17
4664	1.0
4665	0.78
4666	0.8
4667	0.4
4668	0.48
4669	0.62
4670	0.42
4671	0.37
4672	0.77
4673	0.1
4674	0.64
4675	0.16
4676	0.78
4677	0.75
4678	0.59
4679	0.52
4680	0.71
4681	0.47
4682	1.17
4683	0.54
4684	0.65
4685	0.52
4686	0.8
4687	0.46
4688	0.08
4689	0.71
4690	0.8
4691	0.35
4692	0.28
4693	0.56
4694	0.32
4695	0.45
4696	0.47
4697	0.46
4698	0.62
4699	0.72
4700	1.02
4701	0.43
4702	0.73
4703	0.37
4704	1.55
4705	0.24
4706	0.2
4707	0.46
4708	0.96
4709	0.13
4710	0.36
4711	0.2
4712	0.09
4713	1.04
4714	1.02
4715	0.86
4716	0.7
4717	0.28
4718	0.16
4719	0.13
4720	0.64
4721	0.62
4722	0.28
4723	0.18
4724	0.53
4725	0.88
4726	0.81
4727	0.17
4728	0.33
4729	0.7
4730	0.16
4731	1.2
4732	0.68
4733	0.8
4734	0.32
4735	1.4
4736	0.29
4737	0.07
4738	0.67
4739	0.08
4740	0.86
4741	0.63
4742	0.37
4743	0.85
4744	0.43
4745	0.94
4746	0.32
4747	0.72
4748	0.09
4749	0.11
4750	0.33
4751	0.79
4752	0.95
4753	0.61
4754	0.11
4755	1.01
4756	0.27
4757	0.68
4758	0.47
4759	0.55
4760	0.79
4761	0.58
4762	0.26
4763	0.61
4764	0.56
4765	1.03
4766	0.66
4767	0.43
4768	0.81
4769	0.79
4770	0.46
4771	0.92
4772	0.94
4773	0.62
4774	0.48
4775	0.96
4776	1.12
4777	0.34
4778	0.73
4779	0.14
4780	0.3
4781	0.31
4782	1.33
4783	0.28
4784	0.93
4785	0.47
4786	0.37
4787	0.44
4788	0.41
4789	1.12
4790	0.77
4791	0.31
4792	0.69
4793	0.7
4794	0.34
4795	0.3
4796	0.7
4797	0.49
4798	0.87
4799	0.92
4800	0.52
4801	1.01
4802	0.25
4803	0.74
4804	0.74
4805	0.32
4806	0.58
4807	0.41
4808	0.34
4809	0.69
4810	0.66
4811	0.24
4812	0.5
4813	0.15
4814	0.5
4815	0.84
4816	0.42
4817	0.63
4818	0.57
4819	0.76
4820	0.64
4821	0.87
4822	0.33
4823	0.61
4824	0.26
4825	0.34
4826	0.19
4827	0.54
4828	0.68
4829	0.29
4830	0.36
4831	0.25
4832	0.35
4833	1.15
4834	0.53
4835	0.95
4836	0.25
4837	0.96
4838	1.23
4839	0.85
4840	0.34
4841	0.62
4842	0.66
4843	0.38
4844	0.92
4845	0.64
4846	0.74
4847	0.7
4848	0.36
4849	0.82
4850	0.65
4851	0.42
4852	0.6
4853	0.6
4854	0.42
4855	1.37
4856	0.58
4857	0.38
4858	0.75
4859	0.69
4860	0.47
4861	0.58
4862	0.28
4863	0.4
4864	0.39
4865	0.1
4866	0.08
4867	0.67
4868	0.81
4869	0.34
4870	1.13
4871	0.75
4872	0.74
4873	0.81
4874	0.15
4875	0.44
4876	0.09
4877	0.21
4878	0.51
4879	0.79
4880	0.78
4881	1.03
4882	0.48
4883	0.46
4884	0.32
4885	0.27
4886	0.83
4887	0.39
4888	0.66
4889	0.47
4890	0.69
4891	0.28
4892	0.59
4893	0.59
4894	0.46
4895	0.24
4896	0.64
4897	0.96
4898	0.26
4899	0.98
4900	0.42
4901	0.91
4902	0.63
4903	0.5
4904	0.76
4905	0.96
4906	0.5
4907	0.83
4908	0.7
4909	0.37
4910	0.03
4911	0.43
4912	0.5
4913	0.18
4914	0.67
4915	0.6
4916	0.56
4917	0.6
4918	1.16
4919	0.51
4920	0.26
4921	0.04
4922	0.9
4923	0.54
4924	0.69
4925	0.14
4926	0.46
4927	0.32
4928	0.08
4929	0.32
4930	0.58
4931	0.56
4932	0.88
4933	0.3
4934	0.52
4935	0.17
4936	1.09
4937	0.62
4938	0.8
4939	0.72
4940	0.17
4941	0.74
4942	0.55
4943	0.21
4944	0.56
4945	0.8
4946	0.55
4947	0.24
4948	0.63
4949	0.76
4950	0.53
4951	0.1
4952	0.41
4953	1.16
4954	1.15
4955	0.62
4956	0.3
4957	0.45
4958	0.75
4959	0.75
4960	0.05
4961	0.49
4962	0.32
4963	0.43
4964	0.48
4965	0.14
4966	0.28
4967	1.2
4968	0.04
4969	1.09
4970	0.8
4971	0.88
4972	0.69
4973	0.35
4974	0.24
4975	0.62
4976	0.89
4977	0.22
4978	0.74
4979	0.82
4980	0.47
4981	0.44
4982	0.51
4983	1.18
4984	0.5
4985	0.39
4986	0.95
4987	0.84
4988	0.15
4989	1.35
4990	0.54
4991	0.54
4992	0.26
4993	0.74
4994	0.19
4995	0.35
4996	0.96
4997	0.97
4998	0.89
4999	0.75
5000	0.13
5001	0.02
5002	0.73
5003	0.82
5004	0.65
5005	0.31
5006	0.02
5007	0.01
5008	0.82
5009	1.18
5010	1.04
5011	0.34
5012	1.22
5013	0.14
5014	1.19
5015	0.26
5016	0.23
5017	0.98
5018	0.47
5019	0.59
5020	1.11
5021	0.64
5022	0.84
5023	0.73
5024	1.25
5025	0.74
5026	0.15
5027	1.29
5028	0.73
5029	0.35
5030	0.69
5031	0.53
5032	0.62
5033	0.66
5034	0.65
5035	0.49
5036	0.68
5037	0.59
5038	0.65
5039	0.66
5040	0.03
5041	0.24
5042	0.45
5043	1.09
5044	0.11
5045	0.43
5046	0.8
5047	0.43
5048	0.24
5049	0.57
5050	0.09
5051	0.59
5052	0.27
5053	0.25
5054	0.32
5055	0.6
5056	0.71
5057	0.25
5058	0.65
5059	0.08
5060	0.8
5061	0.51
5062	0.69
5063	0.31
5064	0.47
5065	1.09
5066	1.09
5067	0.8
5068	1.02
5069	0.25
5070	0.14
5071	0.41
5072	0.36
5073	0.69
5074	0.31
5075	0.91
5076	0.87
5077	0.55
5078	1.13
5079	0.37
5080	0.97
5081	1.26
5082	0.56
5083	0.79
5084	0.22
5085	0.76
5086	1.08
5087	0.87
5088	0.29
5089	0.35
5090	1.03
5091	0.23
5092	0.4
5093	0.07
5094	0.21
5095	0.4
5096	0.57
5097	0.01
5098	0.55
5099	0.52
5100	0.29
5101	0.96
5102	1.11
5103	0.87
5104	0.14
5105	0.77
5106	0.18
5107	0.54
5108	0.34
5109	0.09
5110	0.2
5111	0.83
5112	0.26
5113	1.12
5114	0.61
5115	0.39
5116	0.13
5117	0.53
5118	0.28
5119	0.59
5120	0.33
5121	0.83
5122	0.38
5123	0.32
5124	0.29
5125	0.33
5126	0.22
5127	0.36
5128	0.55
5129	1.36
5130	0.04
5131	0.32
5132	0.59
5133	0.94
5134	0.54
5135	0.38
5136	0.3
5137	0.92
5138	0.12
5139	0.71
5140	0.89
5141	0.31
5142	0.12
5143	0.26
5144	0.4
5145	0.58
5146	0.78
5147	0.18
5148	0.44
5149	0.44
5150	0.44
5151	0.81
5152	1.19
5153	0.65
5154	0.12
5155	0.02
5156	0.47
5157	0.35
5158	0.53
5159	0.81
5160	0.75
5161	0.77
5162	0.6
5163	0.65
5164	0.85
5165	1.19
5166	0.69
5167	0.59
5168	0.24
5169	0.61
5170	0.62
5171	0.3
5172	0.65
5173	0.27
5174	1.16
5175	0.71
5176	0.51
5177	1.27
5178	0.73
5179	0.59
5180	0.62
5181	1.39
5182	0.8
5183	0.99
5184	0.58
5185	0.58
5186	0.82
5187	0.75
5188	0.38
5189	0.7
5190	0.47
5191	0.73
5192	0.27
5193	0.31
5194	0.81
5195	0.42
5196	0.82
5197	0.03
5198	0.51
5199	0.38
5200	1.18
5201	0.45
5202	0.43
5203	0.29
5204	0.56
5205	0.2
5206	0.84
5207	0.2
5208	0.48
5209	0.86
5210	0.41
5211	0.6
5212	0.68
5213	0.91
5214	0.18
5215	0.09
5216	0.78
5217	0.67
5218	0.7
5219	0.1
5220	0.35
5221	0.12
5222	0.38
5223	1.41
5224	0.64
5225	0.09
5226	0.41
5227	0.41
5228	0.61
5229	0.91
5230	0.26
5231	0.28
5232	0.84
5233	0.78
5234	0.56
5235	0.18
5236	0.06
5237	0.4
5238	0.64
5239	1.4
5240	0.43
5241	0.95
5242	0.59
5243	0.14
5244	0.5
5245	0.57
5246	0.44
5247	1.06
5248	0.6
5249	0.01
5250	0.8
5251	0.21
5252	0.15
5253	0.59
5254	0.66
5255	0.09
5256	0.79
5257	0.57
5258	0.81
5259	0.2
5260	0.12
5261	0.4
5262	1.13
5263	0.02
5264	0.1
5265	0.38
5266	0.39
5267	0.74
5268	0.32
5269	0.61
5270	0.5
5271	0.92
5272	0.64
5273	0.75
5274	0.87
5275	0.66
5276	0.6
5277	0.55
5278	0.21
5279	0.37
5280	0.09
5281	0.36
5282	0.83
5283	0.72
5284	0.48
5285	0.95
5286	0.71
5287	0.44
5288	0.93
5289	0.98
5290	0.41
5291	0.11
5292	0.52
5293	0.56
5294	0.49
5295	1.03
5296	0.66
5297	0.58
5298	1.14
5299	0.86
5300	0.95
5301	0.85
5302	0.12
5303	0.77
5304	0.9
5305	0.41
5306	1.03
5307	0.41
5308	1.02
5309	0.69
5310	0.2
5311	0.41
5312	0.39
5313	0.68
5314	0.6
5315	0.56
5316	0.3
5317	0.68
5318	0.99
5319	0.84
5320	0.46
5321	0.32
5322	0.23
5323	0.5
5324	0.17
5325	0.52
5326	1.05
5327	0.23
5328	0.02
5329	0.24
5330	0.38
5331	0.17
5332	0.6
5333	0.58
5334	0.21
5335	0.48
5336	0.34
5337	0.76
5338	0.9
5339	0.8
5340	1.11
5341	0.58
5342	0.68
5343	0.68
5344	0.3
5345	0.49
5346	1.16
5347	1.1
5348	0.53
5349	0.86
5350	0.0
5351	0.33
5352	0.94
5353	0.44
5354	0.68
5355	0.57
5356	0.03
5357	0.71
5358	0.25
5359	0.58
5360	0.09
5361	1.08
5362	0.34
5363	0.77
5364	0.91
5365	0.68
5366	0.6
5367	0.28
5368	0.9
5369	0.09
5370	0.64
5371	0.77
5372	0.45
5373	0.19
5374	0.61
5375	1.42
5376	0.52
5377	0.42
5378	0.49
5379	0.64
5380	0.84
5381	0.78
5382	0.91
5383	0.74
5384	0.7
5385	0.58
5386	0.6
5387	0.74
5388	0.15
5389	0.05
5390	0.4
5391	0.85
5392	0.5
5393	0.61
5394	0.38
5395	1.18
5396	0.47
5397	0.98
5398	0.61
5399	0.24
5400	1.02
5401	0.14
5402	0.98
5403	1.18
5404	1.14
5405	0.62
5406	0.63
5407	0.42
5408	0.26
5409	0.41
5410	1.08
5411	0.26
5412	0.1
5413	0.09
5414	0.52
5415	0.19
5416	0.69
5417	0.98
5418	0.37
5419	0.62
5420	0.62
5421	0.5
5422	1.2
5423	0.0
5424	0.15
5425	0.76
5426	1.02
5427	0.62
5428	0.01
5429	0.83
5430	0.18
5431	0.08
5432	0.77
5433	0.27
5434	0.47
5435	0.69
5436	0.92
5437	0.31
5438	0.32
5439	0.82
5440	0.38
5441	0.66
5442	0.27
5443	0.83
5444	0.63
5445	0.05
5446	0.04
5447	0.17
5448	0.7
5449	1.16
5450	0.53
5451	0.29
5452	0.94
5453	0.43
5454	0.59
5455	0.08
5456	0.79
5457	0.45
5458	0.52
5459	1.06
5460	1.01
5461	0.56
5462	0.96
5463	0.82
5464	0.83
5465	0.57
5466	0.5
5467	0.52
5468	0.6
5469	0.7
5470	0.29
5471	0.04
5472	0.59
5473	0.38
5474	0.11
5475	0.43
5476	0.32
5477	0.8
5478	0.49
5479	0.69
5480	0.4
5481	0.54
5482	0.7
5483	0.71
5484	0.15
5485	0.6
5486	0.64
5487	0.61
5488	0.49
5489	0.75
5490	0.87
5491	0.25
5492	0.3
5493	0.67
5494	0.34
5495	0.39
5496	0.83
5497	0.64
5498	0.06
5499	0.16
5500	0.4
5501	0.71
5502	0.02
5503	0.64
5504	0.59
5505	1.26
5506	0.67
5507	0.47
5508	0.46
5509	0.43
5510	0.47
5511	0.27
5512	0.63
5513	0.82
5514	0.9
5515	0.7
5516	0.07
5517	0.21
5518	0.21
5519	0.47
5520	0.6
5521	0.55
5522	0.21
5523	0.76
5524	0.96
5525	1.0
5526	0.75
5527	0.64
5528	0.99
5529	0.59
5530	0.46
5531	0.61
5532	1.01
5533	0.24
5534	0.06
5535	0.66
5536	1.05
5537	0.53
5538	0.29
5539	0.61
5540	0.21
5541	0.59
5542	0.74
5543	0.29
5544	0.49
5545	0.45
5546	0.64
5547	0.33
5548	0.43
5549	1.39
5550	0.62
5551	0.92
5552	0.38
5553	0.3
5554	0.49
5555	0.42
5556	0.11
5557	0.3
5558	0.65
5559	0.39
5560	0.21
5561	1.02
5562	0.62
5563	0.32
5564	0.09
5565	0.26
5566	0.05
5567	0.73
5568	0.66
5569	0.42
5570	0.8
5571	0.78
5572	0.44
5573	0.41
5574	0.3
5575	0.98
5576	0.25
5577	0.54
5578	1.16
5579	0.65
5580	1.16
5581	1.07
5582	0.13
5583	0.63
5584	0.87
5585	0.12
5586	0.03
5587	0.09
5588	0.31
5589	0.67
5590	0.68
5591	0.62
5592	0.85
5593	0.34
5594	1.06
5595	0.41
5596	1.05
5597	0.56
5598	0.65
5599	1.11
5600	0.02
5601	0.06
5602	0.72
5603	0.63
5604	0.1
5605	0.04
5606	0.63
5607	0.19
5608	0.84
5609	0.41
5610	0.32
5611	0.24
5612	0.78
5613	0.73
5614	0.73
5615	0.25
5616	0.15
5617	0.38
5618	1.04
5619	0.74
5620	0.61
5621	0.4
5622	0.3
5623	0.45
5624	0.72
5625	0.59
5626	0.7
5627	0.73
5628	0.76
5629	1.11
5630	0.17
5631	0.21
5632	0.21
5633	0.91
5634	0.79
5635	0.05
5636	1.13
5637	0.15
5638	0.17
5639	1.06
5640	0.29
5641	0.26
5642	0.09
5643	0.05
5644	0.76
5645	0.58
5646	0.18
5647	0.59
5648	0.39
5649	0.55
5650	0.53
5651	0.66
5652	0.54
5653	0.1
5654	0.38
5655	0.54
5656	0.43
5657	0.09
5658	0.33
5659	0.54
5660	0.9
5661	0.41
5662	0.74
5663	0.69
5664	0.86
5665	0.79
5666	0.21
5667	0.15
5668	0.09
5669	0.55
5670	0.33
5671	0.23
5672	0.67
5673	1.34
5674	0.27
5675	0.69
5676	0.22
5677	0.32
5678	0.72
5679	1.24
5680	1.01
5681	0.46
5682	0.72
5683	0.66
5684	0.31
5685	1.24
5686	1.08
5687	0.7
5688	0.55
5689	0.43
5690	0.41
5691	0.09
5692	0.41
5693	0.85
5694	0.52
5695	0.41
5696	0.15
5697	0.45
5698	0.54
5699	0.31
5700	0.29
5701	0.42
5702	0.48
5703	0.88
5704	0.43
5705	0.26
5706	0.84
5707	0.48
5708	0.57
5709	0.99
5710	0.77
5711	0.07
5712	0.36
5713	0.96
5714	1.13
5715	0.57
5716	0.49
5717	0.98
5718	0.49
5719	0.18
5720	0.8
5721	0.39
5722	0.66
5723	0.51
5724	0.96
5725	0.99
5726	0.22
5727	0.79
5728	0.29
5729	0.76
5730	0.82
5731	0.17
5732	0.85
5733	0.79
5734	0.48
5735	0.38
5736	0.63
5737	0.29
5738	0.4
5739	0.51
5740	0.23
5741	0.81
5742	0.97
5743	0.24
5744	0.83
5745	0.58
5746	0.36
5747	0.53
5748	0.38
5749	0.22
5750	0.58
5751	0.41
5752	0.77
5753	0.67
5754	0.61
5755	0.57
5756	0.27
5757	0.46
5758	0.15
5759	0.35
5760	0.35
5761	0.55
5762	0.4
5763	0.89
5764	0.58
5765	0.52
5766	0.34
5767	0.24
5768	0.2
5769	0.41
5770	0.48
5771	0.4
5772	0.3
5773	0.69
5774	0.19
5775	1.02
5776	0.77
5777	0.31
5778	0.97
5779	0.41
5780	0.35
5781	0.35
5782	0.3
5783	0.15
5784	0.27
5785	0.71
5786	1.39
5787	0.37
5788	0.75
5789	0.61
5790	0.46
5791	0.53
5792	0.75
5793	0.25
5794	0.38
5795	0.87
5796	0.43
5797	0.52
5798	0.46
5799	1.31
5800	1.02
5801	0.51
5802	0.69
5803	0.25
5804	1.25
5805	0.21
5806	0.47
5807	0.8
5808	0.17
5809	0.07
5810	0.59
5811	0.6
5812	0.69
5813	0.68
5814	0.24
5815	0.14
5816	1.05
5817	0.06
5818	0.65
5819	0.84
5820	1.05
5821	0.9
5822	0.56
5823	0.6
5824	0.4
5825	0.52
5826	0.42
5827	0.95
5828	0.18
5829	0.24
5830	0.7
5831	0.38
5832	0.72
5833	0.45
5834	0.52
5835	0.57
5836	0.37
5837	0.22
5838	0.87
5839	0.18
5840	0.45
5841	1.02
5842	0.84
5843	0.84
5844	0.66
5845	0.4
5846	0.05
5847	0.62
5848	1.04
5849	0.01
5850	1.33
5851	0.31
5852	0.11
5853	0.18
5854	0.34
5855	0.59
5856	0.58
5857	0.96
5858	0.25
5859	0.02
5860	0.25
5861	0.79
5862	0.73
5863	0.28
5864	0.15
5865	0.11
5866	0.56
5867	1.31
5868	0.77
5869	0.59
5870	0.73
5871	0.54
5872	0.86
5873	0.29
5874	0.2
5875	0.43
5876	0.66
5877	0.31
5878	0.41
5879	0.47
5880	0.91
5881	0.44
5882	0.55
5883	0.16
5884	0.95
5885	0.54
5886	0.12
5887	0.81
5888	0.44
5889	0.33
5890	0.42
5891	0.58
5892	0.59
5893	0.45
5894	0.63
5895	0.15
5896	0.44
5897	0.59
5898	0.6
5899	0.11
5900	0.68
5901	0.7
5902	0.66
5903	0.14
5904	0.69
5905	0.98
5906	0.47
5907	0.8
5908	0.18
5909	0.63
5910	0.4
5911	0.01
5912	0.14
5913	0.02
5914	0.18
5915	0.49
5916	0.48
5917	0.41
5918	0.45
5919	0.72
5920	0.22
5921	0.59
5922	0.58
5923	0.28
5924	0.5
5925	0.91
5926	1.1
5927	0.59
5928	0.42
5929	0.33
5930	0.63
5931	0.37
5932	0.29
5933	0.11
5934	0.17
5935	0.33
5936	0.11
5937	0.77
5938	0.64
5939	0.99
5940	0.25
5941	0.48
5942	0.94
5943	0.17
5944	0.43
5945	0.23
5946	0.46
5947	0.32
5948	0.87
5949	0.7
5950	0.49
5951	1.09
5952	0.46
5953	0.81
5954	0.83
5955	0.22
5956	0.22
5957	0.27
5958	0.32
5959	0.46
5960	0.32
5961	0.98
5962	0.28
5963	0.39
5964	0.25
5965	0.44
5966	0.03
5967	0.66
5968	0.93
5969	0.26
5970	0.36
5971	0.39
5972	0.87
5973	0.04
5974	0.33
5975	0.1
5976	0.19
5977	0.46
5978	0.77
5979	0.61
5980	0.65
5981	0.43
5982	0.3
5983	0.33
5984	1.0
5985	0.59
5986	0.5
5987	0.92
5988	0.99
5989	0.6
5990	0.6
5991	0.56
5992	0.36
5993	0.53
5994	0.71
5995	0.47
5996	0.55
5997	0.56
5998	1.14
5999	0.83
6000	0.1
6001	0.85
6002	0.49
6003	0.89
6004	0.55
6005	0.77
6006	1.08
6007	1.43
6008	0.07
6009	1.14
6010	0.62
6011	0.25
6012	0.09
6013	0.99
6014	0.91
6015	0.1
6016	0.77
6017	0.51
6018	0.95
6019	0.65
6020	0.33
6021	0.79
6022	0.69
6023	0.06
6024	0.37
6025	1.3
6026	0.38
6027	0.59
6028	0.04
6029	0.7
6030	0.42
6031	0.06
6032	0.47
6033	0.71
6034	0.33
6035	0.08
6036	0.3
6037	0.37
6038	0.87
6039	1.13
6040	0.69
6041	0.48
6042	0.49
6043	0.93
6044	0.85
6045	0.56
6046	0.76
6047	0.42
6048	0.52
6049	0.78
6050	0.64
6051	0.47
6052	0.36
6053	0.67
6054	1.02
6055	1.03
6056	0.69
6057	0.38
6058	0.21
6059	0.48
6060	0.41
6061	0.71
6062	1.0
6063	0.66
6064	0.79
6065	0.58
6066	0.84
6067	1.02
6068	0.81
6069	0.11
6070	0.67
6071	1.11
6072	0.46
6073	0.49
6074	1.1
6075	0.5
6076	0.78
6077	0.64
6078	0.41
6079	0.56
6080	0.38
6081	0.53
6082	0.67
6083	0.4
6084	0.68
6085	0.94
6086	0.62
6087	0.37
6088	0.21
6089	0.33
6090	0.28
6091	1.1
6092	0.4
6093	0.72
6094	0.51
6095	0.73
6096	1.25
6097	0.74
6098	0.33
6099	0.56
6100	0.94
6101	0.38
6102	0.19
6103	0.69
6104	0.44
6105	0.26
6106	0.09
6107	0.26
6108	0.51
6109	0.61
6110	0.05
6111	0.5
6112	0.39
6113	0.9
6114	0.46
6115	0.86
6116	0.98
6117	0.78
6118	1.0
6119	0.26
6120	0.41
6121	0.51
6122	0.5
6123	0.08
6124	0.49
6125	0.68
6126	0.55
6127	0.76
6128	0.62
6129	0.85
6130	0.43
6131	0.95
6132	0.32
6133	0.14
6134	0.87
6135	0.3
6136	0.62
6137	0.1
6138	0.67
6139	0.29
6140	0.62
6141	0.52
6142	1.25
6143	0.32
6144	0.9
6145	0.38
6146	0.23
6147	0.54
6148	0.84
6149	0.59
6150	1.49
6151	0.31
6152	0.13
6153	0.37
6154	0.8
6155	0.8
6156	0.79
6157	0.15
6158	0.57
6159	0.51
6160	0.49
6161	0.42
6162	0.06
6163	0.43
6164	0.84
6165	0.69
6166	0.54
6167	0.84
6168	0.12
6169	0.48
6170	0.73
6171	0.37
6172	0.41
6173	0.81
6174	0.61
6175	0.82
6176	0.87
6177	0.76
6178	0.87
6179	0.82
6180	0.17
6181	0.84
6182	0.47
6183	0.31
6184	0.46
6185	0.59
6186	1.32
6187	0.32
6188	0.46
6189	0.35
6190	0.1
6191	0.8
6192	0.18
6193	0.53
6194	0.27
6195	0.2
6196	0.95
6197	0.32
6198	0.47
6199	0.87
6200	0.25
6201	0.5
6202	0.83
6203	0.66
6204	0.24
6205	0.29
6206	0.58
6207	1.35
6208	0.06
6209	0.73
6210	0.44
6211	0.72
6212	0.48
6213	0.19
6214	0.59
6215	0.19
6216	0.34
6217	0.24
6218	0.22
6219	0.71
6220	0.91
6221	1.33
6222	0.29
6223	0.58
6224	0.88
6225	0.58
6226	0.05
6227	0.11
6228	0.68
6229	0.54
6230	0.9
6231	0.72
6232	0.97
6233	0.96
6234	0.32
6235	0.3
6236	0.73
6237	0.36
6238	1.08
6239	1.04
6240	0.7
6241	0.53
6242	0.38
6243	0.26
6244	1.02
6245	0.62
6246	0.82
6247	1.16
6248	0.39
6249	0.49
6250	0.19
6251	1.38
6252	0.09
6253	0.9
6254	0.6
6255	0.11
6256	0.54
6257	0.79
6258	0.42
6259	0.03
6260	0.7
6261	0.44
6262	0.28
6263	0.49
6264	0.36
6265	0.44
6266	0.74
6267	0.86
6268	0.29
6269	1.31
6270	0.7
6271	0.43
6272	0.09
6273	0.65
6274	0.57
6275	0.62
6276	0.28
6277	0.55
6278	0.11
6279	0.15
6280	0.69
6281	0.79
6282	0.95
6283	0.76
6284	0.53
6285	1.33
6286	0.48
6287	0.22
6288	0.59
6289	0.81
6290	0.7
6291	0.67
6292	0.45
6293	0.61
6294	0.27
6295	0.75
6296	0.42
6297	0.86
6298	0.68
6299	0.51
6300	0.51
6301	0.43
6302	0.91
6303	0.6
6304	0.02
6305	0.66
6306	1.39
6307	1.12
6308	0.35
6309	0.7
6310	0.48
6311	0.6
6312	0.78
6313	0.09
6314	0.25
6315	0.63
6316	0.35
6317	0.52
6318	0.43
6319	0.67
6320	0.39
6321	0.17
6322	0.04
6323	0.38
6324	0.84
6325	0.04
6326	1.18
6327	1.09
6328	0.25
6329	0.8
6330	0.3
6331	0.21
6332	0.62
6333	0.5
6334	0.08
6335	0.36
6336	0.37
6337	0.53
6338	0.78
6339	0.75
6340	0.26
6341	0.32
6342	0.69
6343	0.37
6344	0.65
6345	0.96
6346	0.59
6347	0.56
6348	0.41
6349	0.53
6350	0.76
6351	0.67
6352	0.43
6353	0.28
6354	0.23
6355	0.39
6356	0.7
6357	0.17
6358	0.38
6359	0.47
6360	0.73
6361	0.01
6362	0.59
6363	0.79
6364	0.28
6365	0.85
6366	0.5
6367	0.25
6368	0.36
6369	0.33
6370	0.57
6371	1.04
6372	0.34
6373	0.46
6374	1.09
6375	0.29
6376	0.39
6377	0.86
6378	0.41
6379	0.82
6380	0.25
6381	0.88
6382	0.56
6383	0.03
6384	0.34
6385	0.43
6386	0.37
6387	1.11
6388	0.01
6389	0.61
6390	0.4
6391	0.58
6392	0.33
6393	0.13
6394	0.5
6395	0.47
6396	0.74
6397	0.6
6398	0.25
6399	0.27
6400	0.7
6401	0.53
6402	0.63
6403	0.25
6404	0.9
6405	0.56
6406	0.42
6407	0.7
6408	1.02
6409	0.7
6410	0.16
6411	0.2
6412	1.24
6413	0.06
6414	0.39
6415	0.04
6416	0.33
6417	0.64
6418	0.93
6419	1.17
6420	0.18
6421	0.32
6422	0.4
6423	0.83
6424	0.49
6425	0.73
6426	0.14
6427	0.71
6428	0.07
6429	0.41
6430	0.21
6431	0.11
6432	0.12
6433	0.07
6434	0.5
6435	0.17
6436	0.3
6437	0.45
6438	0.6
6439	0.4
6440	0.29
6441	0.43
6442	0.43
6443	0.77
6444	0.71
6445	0.38
6446	0.95
6447	0.52
6448	0.32
6449	1.33
6450	0.84
6451	0.46
6452	0.61
6453	0.61
6454	0.73
6455	0.23
6456	0.18
6457	0.01
6458	0.42
6459	0.44
6460	0.47
6461	0.73
6462	0.31
6463	0.7
6464	0.49
6465	0.12
6466	0.74
6467	0.91
6468	0.94
6469	0.16
6470	0.56
6471	0.27
6472	0.49
6473	0.44
6474	0.43
6475	0.68
6476	0.83
6477	0.39
6478	0.82
6479	0.58
6480	0.83
6481	1.47
6482	0.25
6483	1.03
6484	0.75
6485	0.73
6486	0.68
6487	0.46
6488	0.39
6489	0.83
6490	0.78
6491	0.68
6492	1.11
6493	0.16
6494	0.99
6495	0.17
6496	1.3
6497	0.2
6498	0.34
6499	0.72
6500	0.74
6501	0.68
6502	0.64
6503	0.65
6504	0.32
6505	0.97
6506	0.7
6507	0.62
6508	0.65
6509	0.32
6510	0.3
6511	0.12
6512	0.4
6513	0.71
6514	0.54
6515	0.77
6516	0.4
6517	0.43
6518	0.51
6519	0.41
6520	0.32
6521	0.11
6522	0.18
6523	0.8
6524	0.04
6525	1.05
6526	0.34
6527	0.48
6528	0.11
6529	0.37
6530	0.47
6531	0.11
6532	0.64
6533	0.16
6534	0.46
6535	0.12
6536	0.65
6537	0.83
6538	0.68
6539	0.05
6540	0.65
6541	0.91
6542	0.53
6543	0.25
6544	0.1
6545	0.68
6546	1.05
6547	0.5
6548	0.35
6549	0.68
6550	1.01
6551	0.41
6552	1.08
6553	0.52
6554	0.75
6555	0.29
6556	0.7
6557	0.71
6558	0.76
6559	0.08
6560	0.86
6561	0.13
6562	0.37
6563	0.25
6564	0.97
6565	0.42
6566	1.13
6567	0.16
6568	0.36
6569	0.62
6570	0.27
6571	0.35
6572	0.43
6573	1.3
6574	0.45
6575	0.68
6576	0.59
6577	0.98
6578	0.38
6579	0.46
6580	0.51
6581	0.53
6582	0.49
6583	0.87
6584	0.99
6585	0.19
6586	0.55
6587	0.97
6588	0.93
6589	0.31
6590	0.59
6591	1.04
6592	0.47
6593	0.67
6594	0.94
6595	0.02
6596	0.03
6597	0.73
6598	0.11
6599	0.64
6600	0.25
6601	1.04
6602	0.48
6603	0.4
6604	0.77
6605	0.63
6606	0.66
6607	0.52
6608	0.44
6609	0.38
6610	0.45
6611	0.26
6612	0.07
6613	0.26
6614	0.77
6615	0.44
6616	0.34
6617	0.39
6618	0.41
6619	0.45
6620	0.67
6621	0.34
6622	0.7
6623	0.14
6624	0.8
6625	0.71
6626	0.72
6627	0.61
6628	0.62
6629	0.45
6630	0.69
6631	0.46
6632	0.6
6633	0.44
6634	0.75
6635	0.58
6636	0.51
6637	0.46
6638	0.58
6639	0.95
6640	0.16
6641	0.17
6642	1.16
6643	0.03
6644	0.76
6645	1.0
6646	0.34
6647	0.47
6648	0.47
6649	0.75
6650	0.3
6651	0.39
6652	0.76
6653	0.23
6654	0.5
6655	0.68
6656	0.04
6657	0.47
6658	0.6
6659	0.31
6660	0.32
6661	0.2
6662	0.65
6663	0.22
6664	0.82
6665	0.57
6666	0.64
6667	0.23
6668	0.47
6669	0.83
6670	0.3
6671	0.67
6672	0.21
6673	1.02
6674	1.09
6675	1.12
6676	0.07
6677	0.72
6678	0.38
6679	0.79
6680	1.08
6681	0.49
6682	0.5
6683	0.52
6684	0.32
6685	0.5
6686	0.98
6687	1.51
6688	0.52
6689	1.02
6690	0.52
6691	0.19
6692	0.17
6693	1.24
6694	0.14
6695	0.38
6696	0.83
6697	0.41
6698	0.28
6699	0.52
6700	0.58
6701	0.97
6702	0.78
6703	0.29
6704	0.44
6705	0.55
6706	0.61
6707	0.56
6708	0.19
6709	0.57
6710	1.18
6711	1.17
6712	0.4
6713	0.38
6714	0.75
6715	0.48
6716	0.56
6717	0.81
6718	0.28
6719	0.03
6720	0.12
6721	0.44
6722	0.23
6723	1.06
6724	0.24
6725	0.36
6726	0.66
6727	0.82
6728	0.84
6729	0.37
6730	0.74
6731	0.14
6732	0.41
6733	0.63
6734	1.16
6735	0.94
6736	0.18
6737	0.21
6738	0.48
6739	0.67
6740	1.03
6741	0.66
6742	0.46
6743	1.07
6744	0.81
6745	1.37
6746	0.56
6747	0.37
6748	0.64
6749	0.31
6750	0.62
6751	0.54
6752	0.85
6753	0.82
6754	1.02
6755	0.37
6756	0.63
6757	0.82
6758	0.42
6759	0.84
6760	0.5
6761	0.2
6762	0.53
6763	0.06
6764	0.52
6765	0.68
6766	0.45
6767	0.26
6768	0.28
6769	0.48
6770	0.52
6771	0.52
6772	1.1
6773	0.74
6774	0.77
6775	0.43
6776	0.55
6777	0.62
6778	0.55
6779	0.85
6780	0.15
6781	0.27
6782	0.61
6783	0.77
6784	0.1
6785	0.67
6786	0.52
6787	0.15
6788	0.55
6789	0.15
6790	0.67
6791	0.64
6792	0.15
6793	0.26
6794	0.38
6795	0.74
6796	0.82
6797	1.07
6798	1.17
6799	0.53
6800	0.46
6801	0.08
6802	0.43
6803	0.41
6804	0.51
6805	0.84
6806	0.35
6807	0.79
6808	0.44
6809	0.37
6810	0.97
6811	0.28
6812	0.61
6813	0.73
6814	0.12
6815	0.16
6816	0.24
6817	0.47
6818	0.4
6819	0.97
6820	0.61
6821	1.07
6822	0.47
6823	0.35
6824	0.93
6825	0.66
6826	0.3
6827	0.71
6828	0.07
6829	0.33
6830	0.77
6831	0.52
6832	0.53
6833	0.89
6834	0.72
6835	1.07
6836	0.39
6837	0.65
6838	1.05
6839	0.35
6840	0.62
6841	0.91
6842	0.7
6843	0.51
6844	0.34
6845	0.92
6846	0.64
6847	0.71
6848	0.3
6849	0.23
6850	0.64
6851	0.05
6852	0.04
6853	0.35
6854	0.73
6855	0.61
6856	0.32
6857	0.38
6858	1.16
6859	0.15
6860	0.52
6861	0.38
6862	0.37
6863	0.99
6864	0.57
6865	0.19
6866	0.5
6867	0.44
6868	1.04
6869	0.13
6870	1.12
6871	0.45
6872	1.06
6873	0.44
6874	0.27
6875	0.69
6876	0.36
6877	0.13
6878	0.62
6879	0.62
6880	0.31
6881	0.53
6882	0.34
6883	0.56
6884	0.47
6885	0.31
6886	0.23
6887	0.62
6888	0.82
6889	0.21
6890	0.38
6891	0.85
6892	0.68
6893	0.98
6894	0.57
6895	0.09
6896	0.51
6897	0.87
6898	0.69
6899	0.41
6900	0.55
6901	0.12
6902	0.51
6903	0.48
6904	0.19
6905	0.23
6906	0.74
6907	0.66
6908	1.12
6909	0.96
6910	0.04
6911	0.21
6912	0.61
6913	0.48
6914	0.67
6915	0.67
6916	0.77
6917	0.34
6918	0.18
6919	0.94
6920	1.05
6921	0.96
6922	0.53
6923	0.46
6924	0.27
6925	0.41
6926	0.43
6927	0.12
6928	0.47
6929	0.29
6930	0.16
6931	0.75
6932	0.01
6933	0.15
6934	0.85
6935	0.38
6936	0.58
6937	0.29
6938	0.22
6939	0.45
6940	0.58
6941	0.32
6942	0.64
6943	0.13
6944	0.47
6945	0.19
6946	0.88
6947	0.76
6948	0.46
6949	0.11
6950	0.75
6951	0.33
6952	0.49
6953	0.62
6954	0.57
6955	0.72
6956	0.63
6957	0.69
6958	0.72
6959	0.4
6960	0.81
6961	0.76
6962	0.44
6963	0.46
6964	0.82
6965	0.2
6966	0.01
6967	1.31
6968	0.08
6969	0.11
6970	0.97
6971	0.29
6972	0.68
6973	0.84
6974	0.15
6975	0.85
6976	0.17
6977	0.57
6978	0.22
6979	0.73
6980	0.59
6981	0.66
6982	0.42
6983	0.91
6984	0.64
6985	0.36
6986	0.28
6987	0.54
6988	0.57
6989	0.46
6990	0.38
6991	0.31
6992	0.96
6993	0.25
6994	0.68
6995	0.83
6996	0.75
6997	0.38
6998	0.61
6999	0.8
7000	0.5
7001	0.41
7002	0.02
7003	0.46
7004	0.33
7005	1.09
7006	0.36
7007	0.17
7008	0.19
7009	0.64
7010	0.78
7011	0.69
7012	1.01
7013	1.26
7014	1.09
7015	0.64
7016	0.69
7017	0.41
7018	0.62
7019	0.52
7020	0.6
7021	0.22
7022	0.26
7023	0.23
7024	0.22
7025	0.35
7026	0.99
7027	1.14
7028	0.09
7029	0.65
7030	0.49
7031	0.19
7032	0.38
7033	1.33
7034	0.81
7035	1.0
7036	1.04
7037	0.02
7038	0.77
7039	0.17
7040	0.19
7041	0.48
7042	0.78
7043	0.24
7044	0.59
7045	0.39
7046	0.42
7047	0.11
7048	0.75
7049	1.26
7050	0.72
7051	0.32
7052	0.72
7053	0.85
7054	1.51
7055	0.44
7056	0.75
7057	0.31
7058	0.88
7059	0.65
7060	0.38
7061	0.31
7062	0.75
7063	0.34
7064	0.44
7065	0.03
7066	0.31
7067	1.19
7068	0.73
7069	0.63
7070	0.14
7071	0.52
7072	0.77
7073	0.73
7074	0.65
7075	0.34
7076	0.2
7077	0.55
7078	0.07
7079	0.33
7080	0.11
7081	0.22
7082	1.57
7083	0.22
7084	0.4
7085	0.04
7086	0.36
7087	0.16
7088	0.24
7089	0.41
7090	0.19
7091	0.21
7092	0.31
7093	0.77
7094	0.54
7095	0.6
7096	0.3
7097	0.49
7098	0.68
7099	0.65
7100	0.88
7101	0.24
7102	0.14
7103	0.13
7104	0.5
7105	0.53
7106	0.18
7107	0.51
7108	1.03
7109	0.33
7110	0.31
7111	0.09
7112	0.37
7113	0.76
7114	0.26
7115	0.24
7116	0.95
7117	0.89
7118	1.07
7119	0.1
7120	0.42
7121	0.2
7122	0.68
7123	0.8
7124	0.76
7125	0.66
7126	0.25
7127	0.19
7128	0.76
7129	0.84
7130	0.08
7131	0.7
7132	0.45
7133	0.04
7134	0.87
7135	0.44
7136	0.79
7137	0.2
7138	1.0
7139	0.31
7140	0.26
7141	0.99
7142	0.26
7143	0.56
7144	0.94
7145	0.0
7146	0.59
7147	0.46
7148	0.72
7149	0.56
7150	0.85
7151	1.33
7152	0.67
7153	0.5
7154	0.63
7155	0.8
7156	0.47
7157	0.98
7158	0.05
7159	0.35
7160	0.7
7161	0.16
7162	0.56
7163	0.75
7164	1.02
7165	0.39
7166	0.43
7167	0.8
7168	0.25
7169	0.51
7170	0.63
7171	0.47
7172	0.15
7173	0.39
7174	0.8
7175	0.65
7176	0.66
7177	0.72
7178	0.77
7179	0.88
7180	0.44
7181	0.71
7182	0.29
7183	0.17
7184	0.78
7185	0.6
7186	0.58
7187	1.14
7188	0.13
7189	0.33
7190	0.33
7191	0.17
7192	0.7
7193	0.5
7194	0.57
7195	0.67
7196	0.15
7197	0.42
7198	0.75
7199	0.61
7200	0.25
7201	0.82
7202	0.68
7203	0.0
7204	0.46
7205	0.55
7206	0.73
7207	1.01
7208	0.71
7209	0.4
7210	0.76
7211	0.72
7212	0.13
7213	0.69
7214	1.15
7215	0.46
7216	0.37
7217	0.9
7218	0.58
7219	0.37
7220	0.72
7221	0.89
7222	0.26
7223	0.15
7224	1.0
7225	0.86
7226	0.6
7227	0.88
7228	0.62
7229	0.34
7230	0.17
7231	0.12
7232	1.04
7233	0.03
7234	0.58
7235	0.59
7236	0.01
7237	0.29
7238	0.79
7239	1.03
7240	0.75
7241	1.24
7242	0.17
7243	0.25
7244	0.62
7245	0.56
7246	0.01
7247	0.7
7248	0.68
7249	0.49
7250	0.41
7251	0.28
7252	0.38
7253	1.0
7254	0.38
7255	0.2
7256	0.26
7257	0.69
7258	0.84
7259	0.38
7260	1.07
7261	0.4
7262	0.43
7263	0.18
7264	1.02
7265	0.42
7266	0.56
7267	0.07
7268	0.25
7269	0.49
7270	0.14
7271	0.85
7272	0.6
7273	0.3
7274	0.59
7275	0.38
7276	0.05
7277	0.28
7278	0.57
7279	1.18
7280	0.84
7281	0.21
7282	0.97
7283	0.95
7284	1.38
7285	0.53
7286	0.39
7287	0.03
7288	0.73
7289	0.75
7290	0.3
7291	0.84
7292	0.14
7293	0.56
7294	0.72
7295	0.22
7296	0.46
7297	0.36
7298	0.05
7299	0.9
7300	0.37
7301	0.57
7302	0.71
7303	0.53
7304	0.69
7305	0.02
7306	0.82
7307	0.47
7308	0.44
7309	0.79
7310	0.17
7311	0.83
7312	1.22
7313	0.38
7314	0.26
7315	0.53
7316	0.57
7317	0.09
7318	1.44
7319	0.25
7320	0.25
7321	0.43
7322	0.48
7323	0.83
7324	0.36
7325	0.27
7326	0.18
7327	0.46
7328	0.82
7329	1.01
7330	0.68
7331	0.06
7332	0.5
7333	0.17
7334	0.73
7335	0.29
7336	0.63
7337	0.76
7338	0.96
7339	0.96
7340	0.32
7341	0.75
7342	0.76
7343	0.42
7344	0.42
7345	0.57
7346	0.4
7347	0.77
7348	0.8
7349	0.64
7350	1.1
7351	0.65
7352	1.13
7353	0.62
7354	0.88
7355	0.87
7356	0.91
7357	0.87
7358	1.0
7359	0.35
7360	0.34
7361	0.99
7362	0.79
7363	0.33
7364	0.47
7365	0.65
7366	0.44
7367	0.23
7368	0.48
7369	0.26
7370	0.67
7371	0.1
7372	0.49
7373	0.65
7374	0.65
7375	0.81
7376	0.96
7377	0.26
7378	0.86
7379	1.05
7380	0.86
7381	0.26
7382	0.23
7383	0.55
7384	0.56
7385	0.82
7386	0.17
7387	0.57
7388	0.07
7389	0.55
7390	0.53
7391	0.19
7392	0.48
7393	0.48
7394	0.85
7395	0.16
7396	0.76
7397	0.46
7398	0.84
7399	0.53
7400	1.21
7401	0.39
7402	0.51
7403	0.62
7404	0.3
7405	0.79
7406	0.46
7407	0.87
7408	1.48
7409	0.64
7410	0.81
7411	0.58
7412	0.44
7413	0.45
7414	1.02
7415	0.25
7416	0.31
7417	0.31
7418	0.17
7419	0.66
7420	0.65
7421	0.32
7422	0.47
7423	1.02
7424	0.39
7425	0.68
7426	0.4
7427	0.04
7428	0.42
7429	1.38
7430	0.96
7431	1.05
7432	0.61
7433	0.53
7434	0.21
7435	0.72
7436	1.37
7437	0.39
7438	0.41
7439	1.3
7440	0.91
7441	0.95
7442	1.0
7443	0.58
7444	0.58
7445	1.01
7446	0.48
7447	0.19
7448	0.08
7449	1.14
7450	1.01
7451	0.4
7452	0.59
7453	0.91
7454	0.45
7455	0.59
7456	0.07
7457	0.04
7458	0.5
7459	0.62
7460	0.44
7461	0.11
7462	0.34
7463	0.45
7464	0.32
7465	0.59
7466	0.51
7467	0.69
7468	0.81
7469	0.68
7470	0.48
7471	0.62
7472	0.19
7473	0.18
7474	0.21
7475	0.47
7476	0.76
7477	1.06
7478	0.49
7479	0.31
7480	0.46
7481	0.12
7482	0.85
7483	0.77
7484	0.15
7485	0.67
7486	0.25
7487	0.8
7488	0.6
7489	0.64
7490	0.42
7491	0.99
7492	0.16
7493	0.98
7494	0.87
7495	0.77
7496	0.5
7497	0.91
7498	0.67
7499	0.91
7500	0.49
7501	0.66
7502	0.63
7503	0.32
7504	0.2
7505	0.46
7506	0.42
7507	0.47
7508	0.53
7509	0.25
7510	1.38
7511	1.2
7512	1.1
7513	0.42
7514	0.09
7515	0.05
7516	0.18
7517	0.45
7518	0.3
7519	1.01
7520	1.08
7521	0.62
7522	0.84
7523	0.3
7524	0.03
7525	0.41
7526	0.76
7527	0.89
7528	0.77
7529	0.93
7530	0.35
7531	0.3
7532	0.18
7533	0.19
7534	0.63
7535	1.01
7536	0.7
7537	0.17
7538	1.03
7539	0.87
7540	0.36
7541	0.51
7542	0.48
7543	0.01
7544	0.44
7545	0.48
7546	0.4
7547	0.06
7548	0.28
7549	0.23
7550	0.4
7551	0.8
7552	0.5
7553	0.51
7554	0.56
7555	0.33
7556	0.24
7557	0.68
7558	0.49
7559	1.1
7560	0.88
7561	1.18
7562	0.55
7563	1.05
7564	0.0
7565	0.28
7566	0.78
7567	0.23
7568	0.97
7569	0.06
7570	0.23
7571	0.44
7572	0.08
7573	1.23
7574	0.33
7575	0.47
7576	0.11
7577	1.15
7578	0.49
7579	0.04
7580	0.17
7581	0.47
7582	0.47
7583	0.18
7584	0.09
7585	0.79
7586	1.17
7587	1.28
7588	1.18
7589	0.49
7590	0.3
7591	0.38
7592	0.49
7593	0.99
7594	0.54
7595	0.7
7596	0.41
7597	0.1
7598	0.41
7599	0.37
7600	0.13
7601	0.49
7602	0.82
7603	0.65
7604	0.44
7605	0.59
7606	0.77
7607	0.16
7608	0.82
7609	0.49
7610	0.37
7611	0.63
7612	0.32
7613	0.19
7614	0.87
7615	0.54
7616	0.96
7617	0.1
7618	0.43
7619	0.42
7620	0.05
7621	0.46
7622	0.32
7623	0.65
7624	0.62
7625	0.88
7626	0.4
7627	0.28
7628	0.67
7629	0.08
7630	0.56
7631	0.43
7632	0.25
7633	1.02
7634	0.02
7635	0.04
7636	0.62
7637	0.02
7638	0.5
7639	0.47
7640	0.33
7641	0.67
7642	1.18
7643	1.78
7644	0.26
7645	0.36
7646	0.87
7647	0.08
7648	0.6
7649	1.12
7650	0.92
7651	0.82
7652	0.97
7653	0.68
7654	1.18
7655	0.39
7656	0.51
7657	0.4
7658	0.33
7659	0.54
7660	0.45
7661	0.92
7662	0.35
7663	0.71
7664	0.7
7665	0.4
7666	0.81
7667	0.5
7668	0.64
7669	0.65
7670	0.59
7671	0.34
7672	1.03
7673	0.31
7674	1.03
7675	0.42
7676	0.61
7677	0.31
7678	0.89
7679	0.44
7680	0.61
7681	0.4
7682	1.14
7683	0.13
7684	0.57
7685	1.22
7686	0.24
7687	0.96
7688	0.32
7689	0.14
7690	0.23
7691	0.38
7692	0.23
7693	0.16
7694	0.61
7695	0.06
7696	0.7
7697	0.45
7698	0.18
7699	0.65
7700	0.69
7701	0.64
7702	1.14
7703	0.24
7704	0.45
7705	0.72
7706	0.62
7707	0.18
7708	0.28
7709	0.35
7710	0.46
7711	0.04
7712	0.8
7713	0.3
7714	0.55
7715	0.35
7716	0.47
7717	0.83
7718	0.13
7719	0.04
7720	0.07
7721	1.15
7722	0.92
7723	0.12
7724	0.67
7725	0.52
7726	1.03
7727	0.29
7728	0.71
7729	0.45
7730	0.58
7731	0.39
7732	0.3
7733	0.45
7734	0.62
7735	0.19
7736	0.39
7737	0.42
7738	0.27
7739	0.4
7740	0.7
7741	1.22
7742	0.1
7743	0.96
7744	0.69
7745	0.21
7746	0.7
7747	0.48
7748	0.04
7749	0.39
7750	0.07
7751	0.38
7752	0.19
7753	0.37
7754	0.53
7755	0.84
7756	0.37
7757	0.33
7758	0.24
7759	0.72
7760	1.1
7761	0.23
7762	0.62
7763	0.07
7764	1.01
7765	0.09
7766	0.31
7767	0.12
7768	0.34
7769	1.07
7770	0.98
7771	0.06
7772	0.7
7773	0.46
7774	0.11
7775	0.55
7776	0.5
7777	0.67
7778	0.42
7779	0.94
7780	0.91
7781	0.96
7782	0.54
7783	0.42
7784	0.7
7785	0.02
7786	0.18
7787	0.19
7788	0.84
7789	0.73
7790	0.06
7791	0.98
7792	0.82
7793	0.35
7794	0.64
7795	0.41
7796	0.83
7797	0.05
7798	0.77
7799	0.31
7800	0.2
7801	0.54
7802	0.17
7803	0.89
7804	0.21
7805	0.75
7806	0.05
7807	0.9
7808	0.39
7809	0.57
7810	0.13
7811	0.33
7812	0.27
7813	0.63
7814	0.24
7815	0.73
7816	1.01
7817	1.04
7818	0.18
7819	0.77
7820	1.03
7821	0.56
7822	0.92
7823	0.12
7824	0.14
7825	0.39
7826	0.38
7827	0.65
7828	0.62
7829	0.29
7830	0.7
7831	0.17
7832	0.37
7833	0.51
7834	0.9
7835	0.82
7836	0.37
7837	0.72
7838	0.54
7839	0.79
7840	0.94
7841	0.55
7842	0.79
7843	0.72
7844	1.07
7845	0.46
7846	0.57
7847	0.57
7848	1.0
7849	0.15
7850	0.7
7851	0.63
7852	0.94
7853	0.49
7854	0.87
7855	0.42
7856	0.43
7857	0.47
7858	0.67
7859	0.08
7860	0.87
7861	0.87
7862	0.94
7863	0.38
7864	0.22
7865	0.5
7866	0.38
7867	0.05
7868	0.16
7869	0.43
7870	0.25
7871	0.84
7872	0.71
7873	0.41
7874	0.28
7875	0.49
7876	0.93
7877	0.4
7878	0.19
7879	0.41
7880	0.31
7881	0.24
7882	0.54
7883	1.17
7884	0.22
7885	0.56
7886	0.2
7887	0.98
7888	0.76
7889	0.35
7890	0.92
7891	0.62
7892	0.7
7893	0.36
7894	0.79
7895	1.06
7896	0.78
7897	0.33
7898	0.15
7899	0.32
7900	0.87
7901	0.69
7902	0.47
7903	0.52
7904	0.26
7905	0.4
7906	0.95
7907	0.42
7908	0.79
7909	0.22
7910	0.35
7911	0.08
7912	0.98
7913	0.13
7914	0.32
7915	0.53
7916	0.12
7917	0.65
7918	0.2
7919	0.16
7920	1.18
7921	0.26
7922	0.58
7923	0.56
7924	0.29
7925	0.21
7926	0.07
7927	0.54
7928	0.52
7929	0.76
7930	0.62
7931	0.98
7932	0.8
7933	0.23
7934	1.48
7935	0.09
7936	0.9
7937	0.54
7938	0.47
7939	0.74
7940	0.08
7941	0.46
7942	0.92
7943	0.72
7944	0.65
7945	0.68
7946	0.56
7947	0.65
7948	0.49
7949	0.83
7950	0.7
7951	0.5
7952	0.53
7953	0.44
7954	0.29
7955	0.2
7956	0.42
7957	1.05
7958	0.51
7959	0.87
7960	0.24
7961	0.48
7962	0.67
7963	0.49
7964	0.32
7965	0.37
7966	0.62
7967	0.53
7968	0.7
7969	0.62
7970	0.66
7971	0.76
7972	0.63
7973	0.49
7974	0.29
7975	0.97
7976	0.24
7977	0.42
7978	0.83
7979	0.7
7980	0.18
7981	0.67
7982	0.11
7983	0.71
7984	0.45
7985	0.82
7986	0.07
7987	0.04
7988	0.75
7989	0.41
7990	0.65
7991	0.23
7992	0.72
7993	0.22
7994	0.3
7995	0.16
7996	0.42
7997	0.4
7998	0.82
7999	0.7
8000	0.88
8001	0.62
8002	0.5
8003	0.26
8004	0.14
8005	1.02
8006	0.6
8007	0.33
8008	1.14
8009	0.02
8010	0.17
8011	0.67
8012	0.98
8013	0.21
8014	0.49
8015	0.65
8016	0.54
8017	0.54
8018	0.16
8019	0.57
8020	1.08
8021	0.77
8022	0.53
8023	0.24
8024	0.4
8025	0.45
8026	0.43
8027	1.16
8028	0.41
8029	0.38
8030	0.48
8031	0.88
8032	0.54
8033	0.22
8034	0.58
8035	0.9
8036	0.07
8037	0.39
8038	0.62
8039	1.2
8040	0.67
8041	1.21
8042	0.11
8043	0.23
8044	0.2
8045	0.48
8046	0.35
8047	0.44
8048	0.05
8049	0.14
8050	0.17
8051	0.92
8052	0.08
8053	0.49
8054	0.62
8055	0.27
8056	0.25
8057	1.13
8058	0.36
8059	0.18
8060	0.33
8061	0.54
8062	0.56
8063	0.63
8064	0.13
8065	0.26
8066	0.25
8067	0.06
8068	0.26
8069	0.52
8070	0.37
8071	0.98
8072	0.88
8073	0.56
8074	0.55
8075	0.53
8076	0.07
8077	0.22
8078	0.61
8079	0.14
8080	0.28
8081	0.59
8082	0.16
8083	0.31
8084	0.74
8085	0.45
8086	0.34
8087	0.13
8088	0.91
8089	0.85
8090	0.87
8091	0.62
8092	0.62
8093	0.06
8094	0.91
8095	0.61
8096	0.12
8097	0.73
8098	0.31
8099	0.54
8100	0.6
8101	1.09
8102	0.49
8103	0.04
8104	0.63
8105	0.17
8106	0.58
8107	0.05
8108	0.3
8109	0.61
8110	0.34
8111	0.54
8112	0.81
8113	0.65
8114	0.67
8115	0.27
8116	0.96
8117	0.29
8118	0.5
8119	0.43
8120	0.23
8121	0.35
8122	0.15
8123	0.38
8124	0.78
8125	0.26
8126	0.37
8127	0.47
8128	0.41
8129	0.45
8130	0.69
8131	0.33
8132	0.68
8133	0.12
8134	0.91
8135	0.34
8136	0.71
8137	0.53
8138	0.47
8139	0.3
8140	0.52
8141	1.06
8142	0.83
8143	1.13
8144	0.07
8145	0.46
8146	0.24
8147	1.01
8148	0.46
8149	0.13
8150	0.43
8151	1.09
8152	0.74
8153	0.36
8154	0.43
8155	0.68
8156	0.79
8157	0.6
8158	0.48
8159	0.89
8160	0.66
8161	0.26
8162	0.9
8163	0.6
8164	0.78
8165	0.52
8166	0.25
8167	0.54
8168	1.04
8169	1.18
8170	0.27
8171	0.83
8172	0.68
8173	1.11
8174	0.96
8175	0.28
8176	0.08
8177	0.69
8178	0.74
8179	0.5
8180	0.65
8181	0.5
8182	0.38
8183	0.42
8184	1.18
8185	0.34
8186	0.75
8187	0.55
8188	0.72
8189	0.4
8190	1.22
8191	0.82
8192	0.94
8193	0.1
8194	0.41
8195	0.77
8196	1.26
8197	0.53
8198	0.8
8199	0.68
8200	0.36
8201	0.08
8202	0.25
8203	0.19
8204	0.15
8205	0.32
8206	0.32
8207	0.28
8208	0.81
8209	0.57
8210	0.25
8211	0.72
8212	0.78
8213	0.31
8214	0.68
8215	0.51
8216	0.95
8217	0.32
8218	0.08
8219	0.72
8220	0.06
8221	0.08
8222	0.06
8223	0.52
8224	0.39
8225	0.73
8226	0.62
8227	0.73
8228	0.66
8229	0.43
8230	0.86
8231	0.55
8232	0.85
8233	0.73
8234	0.37
8235	0.57
8236	0.43
8237	0.24
8238	0.89
8239	0.88
8240	0.89
8241	0.86
8242	0.38
8243	0.41
8244	0.41
8245	0.43
8246	1.26
8247	0.36
8248	0.79
8249	0.7
8250	0.75
8251	0.78
8252	0.39
8253	1.08
8254	0.07
8255	0.46
8256	0.35
8257	0.73
8258	0.71
8259	1.0
8260	1.02
8261	0.37
8262	0.43
8263	0.83
8264	0.65
8265	0.17
8266	1.08
8267	0.38
8268	0.53
8269	0.41
8270	0.16
8271	0.67
8272	0.69
8273	1.25
8274	0.8
8275	0.35
8276	0.18
8277	0.26
8278	0.99
8279	0.21
8280	1.06
8281	1.07
8282	0.4
8283	1.0
8284	0.96
8285	0.21
8286	0.91
8287	0.47
8288	0.65
8289	1.09
8290	0.72
8291	0.66
8292	0.39
8293	1.14
8294	0.44
8295	0.8
8296	0.21
8297	0.71
