0	0.74
1	0.16
2	0.8
3	1.11
4	0.59
5	0.47
6	0.26
7	0.45
8	0.64
9	1.07
10	0.66
11	0.71
12	0.11
13	0.22
14	0.88
15	0.25
16	0.64
17	0.18
18	0.91
19	0.31
20	0.82
21	0.27
22	0.26
23	0.49
24	0.05
25	0.43
26	0.05
27	0.77
28	0.58
29	0.86
30	0.32
31	0.17
32	0.44
33	0.54
34	0.79
35	0.63
36	0.8
37	0.06
38	0.89
39	0.55
40	0.37
41	0.61
42	1.24
43	0.35
44	0.8
45	0.05
46	0.57
47	0.05
48	0.94
49	0.68
50	0.21
51	0.96
52	0.83
53	0.02
54	0.79
55	0.24
56	0.23
57	0.42
58	0.56
59	0.08
60	0.33
61	0.09
62	0.47
63	0.54
64	0.33
65	0.86
66	0.33
67	0.13
68	0.57
69	0.34
70	1.28
71	0.63
72	0.6
73	0.63
74	0.54
75	0.84
76	0.03
77	1.08
78	0.3
79	0.01
80	1.07
81	0.56
82	0.55
83	0.26
84	0.18
85	0.15
86	0.54
87	0.18
88	0.8
89	0.64
90	0.69
91	0.29
92	0.52
93	0.05
94	0.11
95	0.45
96	0.58
97	0.9
98	0.54
99	1.04
100	0.51
101	0.15
102	0.4
103	1.22
104	0.21
105	0.36
106	0.08
107	0.51
108	1.0
109	0.77
110	0.57
111	0.14
112	0.79
113	0.69
114	0.75
115	0.4
116	0.89
117	0.7
118	0.63
119	1.13
120	0.27
121	0.33
122	0.38
123	0.29
124	0.07
125	0.63
126	0.38
127	0.16
128	0.08
129	1.18
130	0.05
131	0.58
132	0.56
133	0.49
134	1.12
135	0.84
136	0.17
137	0.67
138	0.91
139	0.58
140	0.04
141	0.31
142	0.73
143	0.38
144	0.52
145	0.8
146	0.22
147	0.82
148	0.33
149	0.59
150	0.24
151	0.58
152	0.57
153	0.16
154	0.84
155	0.54
156	0.14
157	0.21
158	0.47
159	0.24
160	0.59
161	0.06
162	0.92
163	0.67
164	0.35
165	0.24
166	0.96
167	0.56
168	1.19
169	0.27
170	0.68
171	0.4
172	0.29
173	0.18
174	0.18
175	0.77
176	0.8
177	1.13
178	0.68
179	0.41
180	0.59
181	0.5
182	0.34
183	0.71
184	0.96
185	0.08
186	0.95
187	1.07
188	0.33
189	0.46
190	0.41
191	0.39
192	0.18
193	0.42
194	0.37
195	0.52
196	0.65
197	0.94
198	0.36
199	0.58
200	0.54
201	0.03
202	0.35
203	0.02
204	0.35
205	0.43
206	0.16
207	0.71
208	0.4
209	0.27
210	0.84
211	0.24
212	0.62
213	0.73
214	0.42
215	0.59
216	0.79
217	1.02
218	0.52
219	0.34
220	0.69
221	0.07
222	0.4
223	0.17
224	0.75
225	0.23
226	0.53
227	0.26
228	1.0
229	0.62
230	1.25
231	0.73
232	0.76
233	0.7
234	0.16
235	1.47
236	0.3
237	0.59
238	0.72
239	1.37
240	0.2
241	0.39
242	0.24
243	0.66
244	0.39
245	0.18
246	0.34
247	0.43
248	0.17
249	0.34
250	0.18
251	0.72
252	1.46
253	0.32
254	0.64
255	0.41
256	0.53
257	0.55
258	0.68
259	0.36
260	0.48
261	0.3
262	0.63
263	0.11
264	0.62
265	0.26
266	0.24
267	0.82
268	0.5
269	1.06
270	0.04
271	0.63
272	0.21
273	1.0
274	0.39
275	0.58
276	0.06
277	0.05
278	0.23
279	0.94
280	0.92
281	0.66
282	0.64
283	0.79
284	0.49
285	0.53
286	0.47
287	0.69
288	0.61
289	0.57
290	0.61
291	0.46
292	1.06
293	1.08
294	0.63
295	0.82
296	0.24
297	0.42
298	0.85
299	0.63
300	0.61
301	0.58
302	0.83
303	0.54
304	0.87
305	0.12
306	0.56
307	0.19
308	0.26
309	0.28
310	0.57
311	0.02
312	0.38
313	0.09
314	0.5
315	0.42
316	0.55
317	0.77
318	0.35
319	0.04
320	0.84
321	0.81
322	0.5
323	0.53
324	0.9
325	0.21
326	0.95
327	0.4
328	0.23
329	0.85
330	0.44
331	0.1
332	0.13
333	0.34
334	0.1
335	0.12
336	0.44
337	0.68
338	0.29
339	0.72
340	0.74
341	0.87
342	0.01
343	0.08
344	1.21
345	0.56
346	0.21
347	0.3
348	0.4
349	0.85
350	1.47
351	0.45
352	0.32
353	0.6
354	0.18
355	0.82
356	0.12
357	0.79
358	0.08
359	0.44
360	0.35
361	0.38
362	0.81
363	0.73
364	0.47
365	0.45
366	0.47
367	0.93
368	0.45
369	0.38
370	0.34
371	0.55
372	0.47
373	1.16
374	0.55
375	0.29
376	0.52
377	0.23
378	0.64
379	1.06
380	0.22
381	0.67
382	0.43
383	0.93
384	0.04
385	0.84
386	0.14
387	1.16
388	0.57
389	0.64
390	0.0
391	0.52
392	0.43
393	0.86
394	1.24
395	0.51
396	0.48
397	0.39
398	0.25
399	0.51
400	0.19
401	0.27
402	0.24
403	0.46
404	0.21
405	0.61
406	1.11
407	0.31
408	0.37
409	0.51
410	0.16
411	0.85
412	0.34
413	0.24
414	0.09
415	0.7
416	0.35
417	0.73
418	0.61
419	0.77
420	0.72
421	0.24
422	0.59
423	0.7
424	0.56
425	0.42
426	0.11
427	0.7
428	0.73
429	0.19
430	0.84
431	0.41
432	0.52
433	0.13
434	0.08
435	1.03
436	0.44
437	0.94
438	0.4
439	0.02
440	0.47
441	1.26
442	0.46
443	0.44
444	0.64
445	0.07
446	0.23
447	0.36
448	0.42
449	0.43
450	0.23
451	0.72
452	0.19
453	0.99
454	0.66
455	0.08
456	0.73
457	1.0
458	0.15
459	0.12
460	0.2
461	0.55
462	0.38
463	0.79
464	0.57
465	0.87
466	0.63
467	0.58
468	0.78
469	0.45
470	0.55
471	0.71
472	0.63
473	0.33
474	0.58
475	1.0
476	1.05
477	0.08
478	0.33
479	0.95
480	0.62
481	0.4
482	0.23
483	0.41
484	0.59
485	0.44
486	0.63
487	0.26
488	1.16
489	0.66
490	0.56
491	0.4
492	0.56
493	0.29
494	0.56
495	0.57
496	0.1
497	0.52
498	0.7
499	0.53
500	0.24
501	0.61
502	0.23
503	0.71
504	0.47
505	0.4
506	0.66
507	0.38
508	1.24
509	0.86
510	1.0
511	0.76
512	1.07
513	0.42
514	0.32
515	0.26
516	0.64
517	0.41
518	0.25
519	0.2
520	0.46
521	0.2
522	0.37
523	0.84
524	0.06
525	0.49
526	0.64
527	0.47
528	0.21
529	1.03
530	0.34
531	0.35
532	0.91
533	0.3
534	0.13
535	0.12
536	0.54
537	0.91
538	0.32
539	0.49
540	0.58
541	0.44
542	0.47
543	0.34
544	0.33
545	0.26
546	0.61
547	0.4
548	0.94
549	0.27
550	0.41
551	0.52
552	0.27
553	0.88
554	0.0
555	0.31
556	0.41
557	1.03
558	0.17
559	0.62
560	0.21
561	0.63
562	0.65
563	0.43
564	0.64
565	0.14
566	0.32
567	0.02
568	0.6
569	0.89
570	0.43
571	0.54
572	0.49
573	0.63
574	0.61
575	0.6
576	0.94
577	0.55
578	0.42
579	1.1
580	1.02
581	0.92
582	0.73
583	0.06
584	0.52
585	0.64
586	0.74
587	0.42
588	0.66
589	0.31
590	0.24
591	0.51
592	0.64
593	0.69
594	0.96
595	0.68
596	0.89
597	0.4
598	0.4
599	0.22
600	0.84
601	0.66
602	0.05
603	0.45
604	0.21
605	0.1
606	0.46
607	0.6
608	0.78
609	0.71
610	0.68
611	0.49
612	0.28
613	0.66
614	0.69
615	0.22
616	0.79
617	0.46
618	0.61
619	0.4
620	0.39
621	0.32
622	0.49
623	0.08
624	0.71
625	0.61
626	0.59
627	1.1
628	0.48
629	0.47
630	0.38
631	0.83
632	0.77
633	0.65
634	0.1
635	0.25
636	0.3
637	0.87
638	1.14
639	1.08
640	0.35
641	0.72
642	0.65
643	0.41
644	1.2
645	0.1
646	0.53
647	0.48
648	0.64
649	0.53
650	0.49
651	0.0
652	0.36
653	1.02
654	0.61
655	0.43
656	0.12
657	0.11
658	0.94
659	0.24
660	0.77
661	0.24
662	0.47
663	1.2
664	0.5
665	1.12
666	0.37
667	0.69
668	1.18
669	0.82
670	1.19
671	0.71
672	0.31
673	0.18
674	0.11
675	0.82
676	0.63
677	0.67
678	0.27
679	0.79
680	0.49
681	0.57
682	0.02
683	0.55
684	0.23
685	1.26
686	0.6
687	0.49
688	0.94
689	0.66
690	0.29
691	0.97
692	0.75
693	0.25
694	0.53
695	0.32
696	0.07
697	1.36
698	0.25
699	0.24
700	0.51
701	0.51
702	0.26
703	0.61
704	0.21
705	0.63
706	0.05
707	0.11
708	0.18
709	0.3
710	0.8
711	0.73
712	0.68
713	0.97
714	0.9
715	0.63
716	0.31
717	0.12
718	0.64
719	0.4
720	0.42
721	0.39
722	1.26
723	0.77
724	0.55
725	0.58
726	0.53
727	0.5
728	0.61
729	0.38
730	0.69
731	0.01
732	0.6
733	0.85
734	0.0
735	1.48
736	0.48
737	0.59
738	0.42
739	0.59
740	0.83
741	0.95
742	0.35
743	0.54
744	0.95
745	0.74
746	0.47
747	0.36
748	0.41
749	0.89
750	0.37
751	0.56
752	0.68
753	0.42
754	0.63
755	0.67
756	0.04
757	0.41
758	0.85
759	0.4
760	0.81
761	0.42
762	0.63
763	0.34
764	0.28
765	0.95
766	0.72
767	0.45
768	0.35
769	0.41
770	1.0
771	0.06
772	0.29
773	0.96
774	0.36
775	0.31
776	0.64
777	0.43
778	1.02
779	0.91
780	0.16
781	0.4
782	1.14
783	0.61
784	1.32
785	0.31
786	0.71
787	0.83
788	1.02
789	0.36
790	0.68
791	0.63
792	1.23
793	0.34
794	0.93
795	0.71
796	0.35
797	0.74
798	0.45
799	0.63
800	0.07
801	0.33
802	0.67
803	0.94
804	0.29
805	0.08
806	0.07
807	1.38
808	0.26
809	0.39
810	0.33
811	0.57
812	0.55
813	0.53
814	0.17
815	0.64
816	0.22
817	0.96
818	0.39
819	0.06
820	0.41
821	0.88
822	0.99
823	0.05
824	0.79
825	0.43
826	0.69
827	0.17
828	0.67
829	0.94
830	0.45
831	0.54
832	0.83
833	0.7
834	0.78
835	0.06
836	0.49
837	0.36
838	0.15
839	1.13
840	1.1
841	0.68
842	0.59
843	0.31
844	0.54
845	0.87
846	0.61
847	0.48
848	0.19
849	0.2
850	1.01
851	0.6
852	0.41
853	0.77
854	0.11
855	0.14
856	0.03
857	0.06
858	0.82
859	0.83
860	0.69
861	0.43
862	0.59
863	0.46
864	0.76
865	0.34
866	0.58
867	0.84
868	0.45
869	0.65
870	0.75
871	0.58
872	0.68
873	0.73
874	0.21
875	0.77
876	0.73
877	0.93
878	0.06
879	0.58
880	0.64
881	0.69
882	0.48
883	0.36
884	0.37
885	0.93
886	0.49
887	0.58
888	0.72
889	0.79
890	0.83
891	0.33
892	0.23
893	0.62
894	0.44
895	0.6
896	0.1
897	0.45
898	0.5
899	0.33
900	1.3
901	0.99
902	0.63
903	0.33
904	0.44
905	0.69
906	0.51
907	0.37
908	0.42
909	0.74
910	0.12
911	0.04
912	0.18
913	0.49
914	0.43
915	0.93
916	0.31
917	0.69
918	0.51
919	0.64
920	0.68
921	0.36
922	0.56
923	0.57
924	0.26
925	0.58
926	0.49
927	0.93
928	0.32
929	0.7
930	0.4
931	0.75
932	0.91
933	0.76
934	0.88
935	0.24
936	0.71
937	0.22
938	0.38
939	0.45
940	0.15
941	0.23
942	0.07
943	0.74
944	0.7
945	0.37
946	0.21
947	0.66
948	0.5
949	0.47
950	0.87
951	1.58
952	0.87
953	0.52
954	0.57
955	0.39
956	0.15
957	0.78
958	1.47
959	0.41
960	0.26
961	0.62
962	0.58
963	0.26
964	0.4
965	0.48
966	0.55
967	0.59
968	0.31
969	0.06
970	0.12
971	0.94
972	1.12
973	1.03
974	0.43
975	0.41
976	0.25
977	0.73
978	0.82
979	0.27
980	1.15
981	0.85
982	0.69
983	0.61
984	0.51
985	0.69
986	0.17
987	0.86
988	0.49
989	0.61
990	0.43
991	0.9
992	0.71
993	0.22
994	0.53
995	0.07
996	0.16
997	0.74
998	0.85
999	0.79
1000	0.09
1001	1.11
1002	0.21
1003	0.8
1004	0.72
1005	0.28
1006	0.54
1007	0.45
1008	0.0
1009	0.84
1010	0.09
1011	0.6
1012	0.68
1013	0.19
1014	0.57
1015	0.58
1016	1.01
1017	0.45
1018	0.91
1019	0.55
1020	0.65
1021	0.23
1022	0.75
1023	0.09
1024	0.57
1025	0.57
1026	1.17
1027	0.4
1028	0.74
1029	0.49
1030	0.55
1031	0.7
1032	0.41
1033	0.93
1034	0.08
1035	0.35
1036	0.91
1037	0.37
1038	0.4
1039	0.32
1040	0.2
1041	0.6
1042	0.32
1043	0.35
1044	0.8
1045	0.9
1046	0.61
1047	0.78
1048	0.32
1049	0.68
1050	0.31
1051	0.8
1052	0.62
1053	0.39
1054	0.54
1055	0.9
1056	0.67
1057	0.42
1058	1.07
1059	0.87
1060	0.59
1061	1.15
1062	0.72
1063	0.6
1064	0.54
1065	0.59
1066	1.14
1067	0.62
1068	0.17
1069	0.99
1070	1.3
1071	0.3
1072	0.39
1073	0.56
1074	1.02
1075	0.57
1076	0.74
1077	0.58
1078	0.85
1079	0.82
1080	0.17
1081	0.19
1082	0.73
1083	0.33
1084	0.26
1085	0.87
1086	0.4
1087	0.69
1088	0.17
1089	0.46
1090	0.2
1091	0.86
1092	1.42
1093	1.3
1094	0.05
1095	0.36
1096	0.31
1097	0.6
1098	0.53
1099	1.13
1100	0.17
1101	0.52
1102	0.31
1103	0.58
1104	0.29
1105	0.44
1106	0.08
1107	0.18
1108	0.18
1109	1.0
1110	1.09
1111	0.35
1112	0.14
1113	0.73
1114	0.14
1115	1.03
1116	0.17
1117	0.04
1118	0.98
1119	0.07
1120	1.35
1121	0.54
1122	0.46
1123	0.55
1124	0.28
1125	0.5
1126	0.49
1127	0.29
1128	0.75
1129	0.97
1130	0.35
1131	0.18
1132	0.14
1133	0.15
1134	0.58
1135	0.74
1136	0.62
1137	0.16
1138	0.69
1139	0.47
1140	0.13
1141	1.01
1142	0.99
1143	0.18
1144	0.31
1145	0.03
1146	0.74
1147	0.81
1148	0.77
1149	0.53
1150	0.52
1151	0.81
1152	0.66
1153	0.29
1154	0.49
1155	0.32
1156	0.14
1157	0.15
1158	0.97
1159	0.34
1160	0.2
1161	0.41
1162	0.95
1163	0.87
1164	0.21
1165	0.49
1166	0.06
1167	0.2
1168	0.23
1169	0.74
1170	0.9
1171	0.9
1172	0.34
1173	1.07
1174	0.41
1175	1.53
1176	0.71
1177	1.17
1178	0.41
1179	0.86
1180	0.65
1181	0.42
1182	0.27
1183	0.23
1184	0.7
1185	0.11
1186	0.05
1187	0.33
1188	0.65
1189	0.82
1190	0.69
1191	0.2
1192	0.68
1193	1.27
1194	0.46
1195	0.54
1196	0.21
1197	1.02
1198	0.28
1199	0.23
1200	0.89
1201	0.59
1202	0.3
1203	1.1
1204	0.71
1205	0.81
1206	0.38
1207	0.29
1208	1.04
1209	0.73
1210	0.82
1211	0.14
1212	0.55
1213	0.32
1214	0.57
1215	0.48
1216	0.79
1217	0.02
1218	0.77
1219	0.71
1220	0.33
1221	0.69
1222	1.04
1223	0.69
1224	0.21
1225	0.67
1226	0.67
1227	0.3
1228	0.68
1229	0.37
1230	0.59
1231	0.77
1232	0.45
1233	0.36
1234	0.84
1235	0.52
1236	1.42
1237	0.25
1238	0.99
1239	0.51
1240	0.6
1241	0.62
1242	0.6
1243	0.19
1244	0.56
1245	0.77
1246	0.4
1247	1.12
1248	0.36
1249	0.67
1250	0.88
1251	0.63
1252	0.49
1253	1.17
1254	0.38
1255	0.28
1256	0.74
1257	0.21
1258	0.57
1259	0.74
1260	0.54
1261	0.26
1262	0.79
1263	0.4
1264	0.23
1265	0.62
1266	0.37
1267	0.29
1268	0.18
1269	0.66
1270	1.11
1271	0.2
1272	0.14
1273	0.99
1274	0.24
1275	1.22
1276	0.01
1277	0.12
1278	0.29
1279	0.45
1280	0.26
1281	1.12
1282	0.66
1283	0.21
1284	0.16
1285	0.19
1286	0.77
1287	0.69
1288	0.93
1289	0.89
1290	0.5
1291	0.78
1292	0.38
1293	1.23
1294	0.69
1295	0.81
1296	0.27
1297	1.33
1298	1.01
1299	0.72
1300	0.69
1301	1.04
1302	0.74
1303	0.4
1304	0.5
1305	0.62
1306	0.39
1307	0.07
1308	0.37
1309	0.68
1310	0.8
1311	0.65
1312	0.78
1313	0.39
1314	0.38
1315	0.38
1316	0.62
1317	0.6
1318	0.67
1319	0.56
1320	1.41
1321	0.61
1322	0.97
1323	0.34
1324	0.63
1325	0.66
1326	1.1
1327	0.43
1328	0.83
1329	0.56
1330	0.75
1331	1.31
1332	0.92
1333	0.69
1334	0.66
1335	0.7
1336	0.48
1337	0.35
1338	0.77
1339	0.28
1340	0.5
1341	0.53
1342	0.76
1343	1.38
1344	0.41
1345	0.76
1346	0.57
1347	0.38
1348	0.48
1349	0.24
1350	0.44
1351	0.18
1352	0.35
1353	0.75
1354	0.38
1355	0.34
1356	0.76
1357	0.47
1358	0.83
1359	1.02
1360	0.53
1361	1.0
1362	0.38
1363	0.99
1364	0.76
1365	0.12
1366	0.92
1367	0.52
1368	1.09
1369	0.18
1370	0.67
1371	0.81
1372	0.64
1373	0.52
1374	0.82
1375	0.08
1376	0.3
1377	0.1
1378	0.47
1379	0.75
1380	0.49
1381	1.03
1382	0.72
1383	0.36
1384	0.51
1385	0.45
1386	0.89
1387	0.1
1388	0.38
1389	0.82
1390	0.51
1391	0.37
1392	0.84
1393	0.04
1394	0.31
1395	0.38
1396	0.29
1397	0.7
1398	0.12
1399	0.92
1400	0.64
1401	1.04
1402	0.11
1403	0.45
1404	0.76
1405	0.62
1406	0.52
1407	1.27
1408	0.83
1409	0.12
1410	0.68
1411	0.63
1412	0.61
1413	0.13
1414	0.79
1415	0.35
1416	0.15
1417	0.51
1418	0.13
1419	0.04
1420	0.8
1421	0.98
1422	0.66
1423	0.23
1424	0.52
1425	0.94
1426	0.32
1427	0.22
1428	0.89
1429	0.58
1430	0.41
1431	0.21
1432	0.08
1433	0.15
1434	0.35
1435	0.3
1436	1.33
1437	0.37
1438	0.34
1439	0.28
1440	0.05
1441	0.83
1442	0.72
1443	0.23
1444	0.41
1445	0.93
1446	0.5
1447	0.24
1448	0.57
1449	0.92
1450	0.59
1451	0.75
1452	0.43
1453	0.47
1454	1.19
1455	0.56
1456	0.22
1457	0.69
1458	1.0
1459	0.59
1460	0.49
1461	0.94
1462	0.12
1463	0.61
1464	0.2
1465	0.71
1466	0.78
1467	0.9
1468	0.29
1469	0.64
1470	0.74
1471	1.35
1472	1.07
1473	0.21
1474	1.18
1475	0.14
1476	0.17
1477	0.52
1478	1.11
1479	0.63
1480	0.37
1481	0.53
1482	0.71
1483	0.47
1484	0.82
1485	0.83
1486	1.05
1487	0.44
1488	0.35
1489	0.81
1490	0.53
1491	0.48
1492	0.97
1493	0.1
1494	0.81
1495	0.62
1496	0.49
1497	0.41
1498	0.11
1499	0.14
1500	0.28
1501	0.55
1502	0.72
1503	0.95
1504	0.42
1505	0.66
1506	0.54
1507	0.82
1508	0.39
1509	0.71
1510	0.04
1511	0.54
1512	0.24
1513	0.06
1514	0.65
1515	0.2
1516	0.14
1517	0.24
1518	0.22
1519	0.94
1520	0.34
1521	0.26
1522	0.98
1523	0.48
1524	0.4
1525	0.89
1526	1.09
1527	0.02
1528	0.74
1529	0.87
1530	0.85
1531	0.24
1532	0.25
1533	0.42
1534	0.29
1535	0.2
1536	1.06
1537	0.09
1538	0.25
1539	0.35
1540	0.16
1541	0.52
1542	0.74
1543	0.49
1544	0.21
1545	0.33
1546	1.03
1547	0.42
1548	0.5
1549	0.89
1550	0.83
1551	0.28
1552	0.15
1553	0.39
1554	0.5
1555	0.16
1556	0.35
1557	0.93
1558	0.88
1559	0.96
1560	0.63
1561	0.59
1562	0.41
1563	0.26
1564	0.76
1565	0.47
1566	0.07
1567	0.15
1568	0.2
1569	0.62
1570	0.4
1571	0.56
1572	0.66
1573	0.78
1574	0.64
1575	0.58
1576	0.27
1577	0.64
1578	0.2
1579	0.9
1580	0.4
1581	0.56
1582	0.49
1583	0.49
1584	0.28
1585	1.02
1586	0.79
1587	0.52
1588	0.51
1589	0.93
1590	1.08
1591	0.13
1592	0.22
1593	0.72
1594	0.07
1595	0.67
1596	1.34
1597	1.12
1598	1.07
1599	0.83
1600	0.2
1601	0.16
1602	0.99
1603	1.15
1604	0.06
1605	0.52
1606	0.01
1607	0.48
1608	0.75
1609	0.42
1610	0.42
1611	0.22
1612	0.4
1613	0.94
1614	0.94
1615	0.32
1616	0.88
1617	0.8
1618	0.91
1619	0.03
1620	0.13
1621	0.79
1622	0.32
1623	0.19
1624	0.92
1625	0.15
1626	0.38
1627	0.75
1628	0.68
1629	0.7
1630	0.27
1631	0.64
1632	0.1
1633	0.22
1634	0.44
1635	0.35
1636	0.37
1637	0.32
1638	0.11
1639	0.38
1640	0.73
1641	0.66
1642	0.7
1643	0.69
1644	0.2
1645	0.66
1646	0.49
1647	0.56
1648	0.81
1649	0.52
1650	0.12
1651	0.44
1652	0.47
1653	0.99
1654	0.2
1655	1.27
1656	0.21
1657	0.24
1658	0.63
1659	0.46
1660	0.14
1661	0.18
1662	0.15
1663	0.69
1664	0.31
1665	0.78
1666	0.5
1667	0.36
1668	0.05
1669	0.39
1670	0.35
1671	0.61
1672	0.42
1673	0.63
1674	0.64
1675	0.24
1676	0.1
1677	0.43
1678	0.3
1679	0.23
1680	0.42
1681	0.71
1682	0.81
1683	0.42
1684	1.2
1685	0.03
1686	1.14
1687	0.75
1688	0.33
1689	0.31
1690	0.55
1691	1.12
1692	0.96
1693	0.35
1694	0.81
1695	0.53
1696	0.43
1697	0.91
1698	0.32
1699	0.34
1700	0.63
1701	0.24
1702	0.13
1703	0.02
1704	0.13
1705	0.47
1706	1.05
1707	0.84
1708	0.34
1709	0.06
1710	0.99
1711	0.43
1712	0.7
1713	0.35
1714	0.23
1715	0.58
1716	0.55
1717	1.15
1718	1.04
1719	0.03
1720	0.43
1721	0.45
1722	0.16
1723	1.03
1724	0.38
1725	0.58
1726	0.76
1727	0.33
1728	0.65
1729	0.49
1730	0.78
1731	0.38
1732	1.1
1733	0.25
1734	0.41
1735	0.41
1736	0.12
1737	0.83
1738	0.61
1739	0.73
1740	0.28
1741	0.75
1742	1.03
1743	0.33
1744	0.37
1745	0.37
1746	0.71
1747	0.57
1748	0.57
1749	0.62
1750	0.07
1751	0.83
1752	0.56
1753	0.41
1754	0.31
1755	0.31
1756	0.94
1757	0.48
1758	0.7
1759	0.72
1760	0.92
1761	0.38
1762	0.67
1763	0.07
1764	0.7
1765	0.54
1766	0.63
1767	0.33
1768	0.59
1769	1.28
1770	0.51
1771	0.35
1772	1.13
1773	0.48
1774	0.32
1775	0.61
1776	0.0
1777	0.28
1778	0.1
1779	0.42
1780	0.45
1781	0.89
1782	0.17
1783	1.04
1784	0.57
1785	0.99
1786	0.58
1787	0.65
1788	0.95
1789	0.82
1790	0.18
1791	0.45
1792	0.46
1793	0.39
1794	0.54
1795	0.41
1796	0.96
1797	0.32
1798	0.78
1799	0.47
1800	0.87
1801	1.06
1802	0.11
1803	0.92
1804	0.14
1805	0.64
1806	0.59
1807	0.08
1808	0.38
1809	0.69
1810	0.57
1811	0.85
1812	0.27
1813	1.02
1814	0.59
1815	0.56
1816	0.64
1817	0.86
1818	0.66
1819	0.43
1820	0.71
1821	0.16
1822	1.19
1823	0.41
1824	0.86
1825	0.31
1826	0.16
1827	0.22
1828	0.35
1829	0.3
1830	0.5
1831	0.24
1832	0.4
1833	0.59
1834	0.78
1835	0.42
1836	0.05
1837	0.91
1838	0.14
1839	0.71
1840	0.96
1841	0.7
1842	0.12
1843	0.37
1844	0.6
1845	0.35
1846	0.8
1847	0.78
1848	0.51
1849	0.55
1850	0.73
1851	0.62
1852	0.45
1853	0.05
1854	0.95
1855	0.4
1856	1.08
1857	0.24
1858	1.16
1859	0.62
1860	0.43
1861	1.0
1862	0.47
1863	0.54
1864	0.45
1865	0.43
1866	0.76
1867	1.03
1868	0.98
1869	1.13
1870	0.44
1871	0.24
1872	0.5
1873	0.94
1874	0.4
1875	0.71
1876	1.08
1877	0.97
1878	0.7
1879	1.2
1880	0.25
1881	0.73
1882	0.77
1883	0.7
1884	1.15
1885	0.92
1886	0.46
1887	0.7
1888	0.57
1889	0.53
1890	0.56
1891	0.06
1892	0.25
1893	0.79
1894	0.95
1895	0.72
1896	0.58
1897	0.34
1898	0.99
1899	0.37
1900	0.17
1901	0.36
1902	0.24
1903	0.48
1904	0.6
1905	0.1
1906	0.52
1907	0.54
1908	0.87
1909	0.72
1910	0.68
1911	0.15
1912	0.13
1913	0.89
1914	0.75
1915	0.74
1916	0.77
1917	0.99
1918	0.32
1919	0.49
1920	1.28
1921	0.78
1922	1.33
1923	1.01
1924	1.19
1925	0.97
1926	0.99
1927	0.49
1928	0.76
1929	0.25
1930	0.59
1931	1.18
1932	0.55
1933	0.26
1934	0.86
1935	0.43
1936	0.48
1937	0.8
1938	0.58
1939	0.24
1940	0.11
1941	0.88
1942	0.31
1943	0.32
1944	0.74
1945	0.87
1946	0.32
1947	0.05
1948	0.57
1949	1.08
1950	0.07
1951	0.46
1952	0.49
1953	0.09
1954	0.62
1955	0.87
1956	0.59
1957	1.25
1958	0.88
1959	0.54
1960	0.13
1961	0.75
1962	0.52
1963	0.37
1964	0.47
1965	0.9
1966	0.68
1967	0.97
1968	0.82
1969	0.72
1970	0.72
1971	0.74
1972	0.2
1973	1.26
1974	0.47
1975	0.76
1976	0.08
1977	0.18
1978	0.66
1979	0.45
1980	0.44
1981	1.01
1982	0.1
1983	0.8
1984	0.02
1985	0.64
1986	0.2
1987	0.61
1988	0.74
1989	0.61
1990	0.2
1991	0.73
1992	0.75
1993	0.85
1994	0.47
1995	0.62
1996	0.93
1997	0.63
1998	0.69
1999	0.68
2000	0.36
2001	0.33
2002	0.74
2003	0.35
2004	0.28
2005	0.6
2006	1.24
2007	0.36
2008	0.52
2009	0.34
2010	0.72
2011	0.68
2012	0.17
2013	0.39
2014	0.69
2015	0.59
2016	0.26
2017	0.53
2018	0.34
2019	0.3
2020	1.1
2021	0.13
2022	0.32
2023	0.88
2024	0.33
2025	0.79
2026	1.11
2027	0.56
2028	0.93
2029	0.6
2030	0.13
2031	0.07
2032	0.34
2033	0.61
2034	0.17
2035	0.25
2036	0.48
2037	0.65
2038	0.87
2039	0.97
2040	0.38
2041	0.79
2042	0.39
2043	0.41
2044	0.09
2045	0.48
2046	0.54
2047	0.53
2048	1.05
2049	0.87
2050	0.39
2051	0.18
2052	0.51
2053	1.1
2054	0.33
2055	0.53
2056	0.47
2057	0.63
2058	0.27
2059	0.14
2060	1.15
2061	0.35
2062	0.6
2063	0.78
2064	0.56
2065	1.43
2066	0.78
2067	0.62
2068	0.54
2069	0.55
2070	0.77
2071	0.16
2072	0.67
2073	0.09
2074	1.04
2075	0.07
2076	0.69
2077	0.11
2078	0.4
2079	0.29
2080	0.53
2081	0.59
2082	1.05
2083	0.16
2084	0.48
2085	0.55
2086	0.37
2087	0.13
2088	0.75
2089	0.71
2090	0.57
2091	0.79
2092	0.43
2093	0.02
2094	1.05
2095	0.87
2096	0.11
2097	1.19
2098	1.03
2099	0.15
2100	0.2
2101	0.5
2102	0.65
2103	1.02
2104	0.63
2105	0.87
2106	0.54
2107	0.96
2108	0.39
2109	0.31
2110	0.15
2111	0.82
2112	0.57
2113	0.52
2114	0.33
2115	0.75
2116	0.71
2117	1.18
2118	0.59
2119	0.98
2120	0.62
2121	0.26
2122	0.81
2123	0.55
2124	0.56
2125	0.37
2126	0.72
2127	0.57
2128	0.6
2129	0.3
2130	0.81
2131	0.7
2132	0.08
2133	0.46
2134	0.25
2135	0.73
2136	0.35
2137	0.75
2138	0.2
2139	0.69
2140	0.98
2141	0.78
2142	0.19
2143	0.75
2144	0.75
2145	0.63
2146	0.26
2147	0.92
2148	0.36
2149	0.36
2150	0.27
2151	0.92
2152	0.54
2153	0.85
2154	0.54
2155	0.15
2156	0.25
2157	0.08
2158	0.38
2159	0.64
2160	0.4
2161	0.86
2162	0.78
2163	0.38
2164	0.65
2165	0.2
2166	0.62
2167	0.01
2168	0.22
2169	0.4
2170	0.66
2171	0.68
2172	1.18
2173	0.01
2174	1.17
2175	0.48
2176	0.56
2177	0.55
2178	0.22
2179	0.59
2180	0.16
2181	0.35
2182	0.85
2183	1.14
2184	0.8
2185	0.79
2186	0.3
2187	0.05
2188	0.26
2189	0.68
2190	0.22
2191	0.97
2192	1.09
2193	0.29
2194	0.75
2195	0.32
2196	0.06
2197	0.44
2198	0.27
2199	0.87
2200	0.67
2201	0.66
2202	0.67
2203	0.98
2204	0.5
2205	0.93
2206	0.13
2207	0.7
2208	0.61
2209	0.58
2210	0.28
2211	0.06
2212	0.17
2213	0.09
2214	0.28
2215	0.42
2216	0.45
2217	0.6
2218	0.39
2219	0.32
2220	0.49
2221	1.16
2222	1.16
2223	0.57
2224	0.31
2225	1.03
2226	0.12
2227	0.56
2228	0.93
2229	0.47
2230	0.48
2231	0.58
2232	0.24
2233	0.8
2234	0.76
2235	0.61
2236	0.34
2237	0.91
2238	0.68
2239	0.27
2240	0.14
2241	0.21
2242	0.04
2243	0.99
2244	0.32
2245	0.44
2246	0.13
2247	0.57
2248	0.29
2249	0.54
2250	0.1
2251	0.31
2252	0.65
2253	1.03
2254	0.1
2255	0.36
2256	0.95
2257	0.9
2258	0.54
2259	0.44
2260	0.1
2261	0.41
2262	0.2
2263	0.15
2264	0.68
2265	0.67
2266	0.11
2267	0.14
2268	0.44
2269	0.26
2270	0.79
2271	0.19
2272	0.09
2273	0.67
2274	1.34
2275	0.9
2276	0.91
2277	0.82
2278	0.37
2279	0.99
2280	0.91
2281	0.01
2282	0.4
2283	0.62
2284	0.66
2285	0.9
2286	0.7
2287	1.14
2288	0.06
2289	0.42
2290	0.05
2291	0.42
2292	0.64
2293	0.85
2294	0.35
2295	0.61
2296	0.51
2297	0.22
2298	0.39
2299	1.0
2300	0.03
2301	0.07
2302	1.1
2303	0.34
2304	0.33
2305	0.27
2306	0.95
2307	0.9
2308	0.56
2309	1.03
2310	0.21
2311	0.91
2312	0.7
2313	0.76
2314	0.98
2315	0.17
2316	0.21
2317	0.53
2318	0.48
2319	0.67
2320	0.49
2321	0.37
2322	0.44
2323	0.32
2324	0.77
2325	0.53
2326	0.09
2327	0.12
2328	0.63
2329	0.8
2330	0.23
2331	0.47
2332	0.59
2333	0.33
2334	0.39
2335	0.62
2336	0.14
2337	0.65
2338	0.32
2339	1.15
2340	0.21
2341	0.15
2342	0.82
2343	0.38
2344	0.22
2345	0.57
2346	0.34
2347	0.73
2348	1.05
2349	0.7
2350	0.12
2351	0.48
2352	0.46
2353	0.9
2354	0.97
2355	0.65
2356	0.75
2357	0.44
2358	0.65
2359	0.33
2360	0.26
2361	0.86
2362	0.68
2363	0.35
2364	0.07
2365	0.79
2366	0.21
2367	0.3
2368	0.63
2369	0.16
2370	0.78
2371	0.62
2372	0.83
2373	0.54
2374	1.21
2375	0.31
2376	0.79
2377	0.45
2378	0.56
2379	0.23
2380	0.5
2381	0.41
2382	0.23
2383	0.52
2384	0.17
2385	0.71
2386	0.34
2387	1.22
2388	0.36
2389	0.09
2390	0.51
2391	0.83
2392	0.67
2393	0.09
2394	0.68
2395	0.68
2396	0.48
2397	0.29
2398	0.54
2399	0.75
2400	0.52
2401	0.24
2402	0.62
2403	0.38
2404	0.28
2405	0.89
2406	0.88
2407	0.55
2408	0.32
2409	0.58
2410	0.54
2411	0.72
2412	0.33
2413	0.31
2414	0.62
2415	0.18
2416	0.11
2417	0.53
2418	0.54
2419	0.51
2420	0.53
2421	0.2
2422	0.77
2423	0.61
2424	0.14
2425	0.4
2426	0.38
2427	0.57
2428	0.4
2429	0.66
2430	1.1
2431	0.87
2432	0.47
2433	0.98
2434	0.15
2435	0.32
2436	0.79
2437	0.97
2438	0.11
2439	0.25
2440	0.93
2441	0.15
2442	0.75
2443	0.45
2444	0.55
2445	0.2
2446	0.61
2447	0.51
2448	0.34
2449	0.77
2450	1.09
2451	0.53
2452	0.25
2453	0.81
2454	0.24
2455	0.55
2456	0.4
2457	0.1
2458	0.54
2459	0.75
2460	0.13
2461	0.13
2462	0.91
2463	0.0
2464	0.23
2465	0.09
2466	0.6
2467	0.42
2468	0.55
2469	0.43
2470	1.03
2471	0.48
2472	0.22
2473	0.69
2474	0.6
2475	0.98
2476	0.41
2477	0.3
2478	0.27
2479	0.69
2480	0.34
2481	0.35
2482	0.34
2483	0.33
2484	0.36
2485	1.08
2486	0.47
2487	0.47
2488	0.89
2489	0.7
2490	0.52
2491	0.44
2492	0.48
2493	0.82
2494	0.47
2495	0.42
2496	0.47
2497	0.52
2498	0.21
2499	0.28
2500	0.54
2501	0.52
2502	0.28
2503	0.11
2504	0.37
2505	0.21
2506	0.4
2507	0.43
2508	1.08
2509	0.51
2510	1.08
2511	0.83
2512	0.56
2513	0.25
2514	0.84
2515	0.11
2516	1.03
2517	0.15
2518	0.64
2519	0.67
2520	0.88
2521	0.21
2522	1.33
2523	0.78
2524	0.34
2525	0.74
2526	0.83
2527	0.78
2528	0.95
2529	0.24
2530	0.62
2531	1.01
2532	0.34
2533	0.79
2534	0.14
2535	0.46
2536	0.08
2537	0.09
2538	0.55
2539	0.85
2540	0.97
2541	0.27
2542	0.45
2543	0.16
2544	0.15
2545	0.74
2546	0.84
2547	0.68
2548	0.41
2549	0.57
2550	0.49
2551	0.57
2552	0.73
2553	0.4
2554	0.23
2555	0.16
2556	0.12
2557	0.36
2558	0.51
2559	0.52
2560	0.56
2561	0.6
2562	0.32
2563	0.01
2564	0.54
2565	0.51
2566	1.13
2567	0.46
2568	0.97
2569	0.65
2570	0.62
2571	0.8
2572	0.75
2573	0.57
2574	1.19
2575	0.39
2576	0.75
2577	0.58
2578	0.59
2579	0.34
2580	0.86
2581	0.33
2582	0.41
2583	1.34
2584	0.4
2585	0.32
2586	0.4
2587	0.25
2588	0.56
2589	0.31
2590	0.48
2591	0.08
2592	0.52
2593	0.94
2594	1.08
2595	0.34
2596	0.35
2597	0.1
2598	0.52
2599	0.76
2600	0.98
2601	0.88
2602	1.32
2603	0.49
2604	0.58
2605	1.23
2606	0.48
2607	1.03
2608	0.51
2609	0.52
2610	0.69
2611	0.29
2612	0.63
2613	0.01
2614	1.25
2615	0.44
2616	0.94
2617	0.42
2618	1.45
2619	1.29
2620	0.2
2621	0.68
2622	0.55
2623	1.24
2624	0.76
2625	0.26
2626	0.01
2627	0.1
2628	0.37
2629	0.67
2630	0.58
2631	0.43
2632	0.38
2633	0.38
2634	0.2
2635	0.73
2636	0.92
2637	0.61
2638	0.11
2639	0.57
2640	0.58
2641	0.01
2642	0.42
2643	0.48
2644	0.8
2645	0.06
2646	1.11
2647	0.34
2648	0.66
2649	0.57
2650	1.04
2651	0.62
2652	0.36
2653	0.91
2654	0.53
2655	0.71
2656	0.64
2657	0.33
2658	0.17
2659	0.83
2660	1.42
2661	0.33
2662	0.31
2663	0.39
2664	0.47
2665	0.15
2666	0.53
2667	0.09
2668	0.85
2669	0.28
2670	0.51
2671	0.22
2672	0.88
2673	0.5
2674	0.19
2675	0.78
2676	0.03
2677	0.96
2678	0.58
2679	0.51
2680	0.48
2681	0.81
2682	0.34
2683	0.39
2684	0.59
2685	0.3
2686	0.66
2687	0.54
2688	0.62
2689	0.6
2690	0.56
2691	0.91
2692	0.35
2693	1.04
2694	0.38
2695	0.23
2696	0.99
2697	0.17
2698	0.4
2699	0.96
2700	0.58
2701	0.52
2702	0.69
2703	0.56
2704	0.43
2705	0.54
2706	0.23
2707	0.44
2708	0.23
2709	0.14
2710	0.26
2711	0.28
2712	1.06
2713	0.49
2714	0.8
2715	0.35
2716	0.65
2717	0.76
2718	0.65
2719	0.51
2720	0.56
2721	0.22
2722	0.13
2723	0.52
2724	0.69
2725	0.16
2726	0.33
2727	0.63
2728	0.92
2729	0.3
2730	0.71
2731	0.46
2732	0.35
2733	0.35
2734	1.07
2735	0.34
2736	0.23
2737	0.63
2738	0.6
2739	0.23
2740	0.35
2741	0.76
2742	0.53
2743	0.55
2744	0.89
2745	0.35
2746	0.52
2747	0.42
2748	0.5
2749	0.49
2750	0.01
2751	0.96
2752	1.03
2753	0.39
2754	0.17
2755	0.7
2756	1.05
2757	0.84
2758	0.62
2759	1.38
2760	1.39
2761	1.1
2762	0.43
2763	0.06
2764	0.27
2765	1.06
2766	0.78
2767	0.38
2768	0.08
2769	0.8
2770	0.32
2771	0.07
2772	0.9
2773	0.16
2774	0.68
2775	0.24
2776	0.52
2777	0.33
2778	0.4
2779	0.18
2780	0.68
2781	0.95
2782	0.29
2783	0.73
2784	0.81
2785	0.73
2786	0.74
2787	0.63
2788	0.48
2789	0.56
2790	0.77
2791	0.01
2792	0.12
2793	0.15
2794	0.44
2795	1.06
2796	0.61
2797	0.47
2798	0.62
2799	0.69
2800	0.58
2801	1.03
2802	0.33
2803	0.73
2804	0.04
2805	1.05
2806	0.74
2807	0.46
2808	0.42
2809	0.39
2810	0.95
2811	0.02
2812	0.35
2813	0.48
2814	0.52
2815	0.23
2816	0.12
2817	0.87
2818	0.73
2819	0.66
2820	0.54
2821	0.44
2822	0.65
2823	0.3
2824	0.68
2825	0.11
2826	0.81
2827	0.58
2828	0.57
2829	0.75
2830	0.57
2831	0.3
2832	0.29
2833	0.27
2834	0.37
2835	1.01
2836	1.04
2837	0.4
2838	0.11
2839	0.22
2840	0.03
2841	1.14
2842	0.71
2843	0.66
2844	0.27
2845	0.72
2846	0.74
2847	0.42
2848	0.67
2849	0.35
2850	1.04
2851	0.73
2852	0.6
2853	0.74
2854	0.93
2855	0.82
2856	1.12
2857	0.1
2858	0.45
2859	0.62
2860	0.67
2861	0.42
2862	0.02
2863	0.7
2864	1.2
2865	0.65
2866	0.75
2867	0.3
2868	0.69
2869	0.93
2870	0.63
2871	0.71
2872	1.32
2873	0.5
2874	0.25
2875	1.18
2876	0.44
2877	0.59
2878	0.34
2879	0.62
2880	0.81
2881	1.08
2882	0.32
2883	0.1
2884	0.59
2885	0.25
2886	1.05
2887	0.73
2888	0.26
2889	0.26
2890	0.7
2891	0.61
2892	0.47
2893	0.53
2894	0.94
2895	0.22
2896	0.24
2897	0.32
2898	0.17
2899	0.23
2900	0.98
2901	0.5
2902	0.66
2903	0.75
2904	0.16
2905	0.54
2906	0.67
2907	0.29
2908	0.42
2909	0.05
2910	0.37
2911	0.84
2912	0.58
2913	0.49
2914	0.44
2915	0.38
2916	0.5
2917	0.78
2918	0.67
2919	0.25
2920	0.58
2921	0.74
2922	0.51
2923	0.34
2924	0.08
2925	0.97
2926	0.31
2927	0.68
2928	0.28
2929	0.58
2930	0.62
2931	0.58
2932	0.89
2933	0.69
2934	0.93
2935	0.63
2936	0.51
2937	0.23
2938	0.08
2939	0.68
2940	0.76
2941	0.91
2942	0.54
2943	0.46
2944	0.65
2945	0.71
2946	0.69
2947	0.31
2948	0.62
2949	0.81
2950	0.58
2951	0.71
2952	0.47
2953	0.7
2954	0.01
2955	0.84
2956	0.13
2957	0.82
2958	0.55
2959	0.12
2960	0.69
2961	0.09
2962	0.5
2963	0.95
2964	0.1
2965	0.4
2966	1.03
2967	0.2
2968	0.57
2969	0.66
2970	0.44
2971	0.65
2972	0.23
2973	0.13
2974	0.31
2975	0.03
2976	0.42
2977	0.59
2978	0.3
2979	0.26
2980	0.28
2981	0.82
2982	0.41
2983	0.71
2984	0.41
2985	0.34
2986	0.38
2987	0.77
2988	0.71
2989	0.36
2990	0.72
2991	0.47
2992	0.73
2993	0.36
2994	0.14
2995	0.03
2996	0.58
2997	1.32
2998	0.63
2999	0.83
3000	0.4
3001	0.63
3002	0.91
3003	1.15
3004	0.2
3005	1.33
3006	0.97
3007	0.28
3008	0.15
3009	0.71
3010	1.31
3011	0.05
3012	0.81
3013	0.66
3014	0.18
3015	0.29
3016	0.83
3017	0.25
3018	1.21
3019	0.4
3020	0.45
3021	0.37
3022	0.17
3023	0.44
3024	1.11
3025	0.82
3026	0.84
3027	0.28
3028	0.79
3029	0.12
3030	0.96
3031	0.08
3032	0.62
3033	0.67
3034	0.8
3035	1.06
3036	0.26
3037	0.68
3038	0.18
3039	0.08
3040	1.12
3041	0.46
3042	0.36
3043	0.28
3044	0.47
3045	0.11
3046	0.97
3047	0.11
3048	0.4
3049	0.56
3050	0.12
3051	0.38
3052	0.79
3053	1.15
3054	0.9
3055	0.58
3056	0.13
3057	0.84
3058	0.91
3059	0.77
3060	1.0
3061	1.09
3062	0.88
3063	0.92
3064	0.46
3065	0.31
3066	0.13
3067	0.85
3068	0.26
3069	0.78
3070	0.88
3071	1.36
3072	0.73
3073	0.34
3074	0.98
3075	0.8
3076	0.6
3077	0.65
3078	0.24
3079	0.75
3080	0.1
3081	0.09
3082	0.37
3083	0.64
3084	0.25
3085	0.41
3086	0.43
3087	0.63
3088	0.54
3089	0.55
3090	0.72
3091	0.46
3092	0.38
3093	0.26
3094	0.65
3095	0.71
3096	0.48
3097	0.52
3098	0.64
3099	0.65
3100	0.61
3101	0.65
3102	0.26
3103	0.74
3104	1.44
3105	0.14
3106	0.36
3107	0.2
3108	0.5
3109	0.61
3110	0.33
3111	0.08
3112	0.46
3113	0.44
3114	1.0
3115	0.7
3116	0.68
3117	0.33
3118	0.2
3119	0.59
3120	0.08
3121	0.2
3122	0.55
3123	0.3
3124	0.64
3125	0.44
3126	0.99
3127	0.54
3128	0.9
3129	0.27
3130	0.91
3131	0.31
3132	0.45
3133	0.33
3134	0.97
3135	0.56
3136	0.42
3137	0.15
3138	0.67
3139	1.19
3140	0.61
3141	0.05
3142	0.71
3143	0.07
3144	0.52
3145	0.23
3146	0.33
3147	0.21
3148	0.41
3149	0.58
3150	1.04
3151	0.79
3152	0.37
3153	0.46
3154	0.19
3155	0.84
3156	0.37
3157	0.7
3158	0.29
3159	0.7
3160	0.12
3161	0.53
3162	0.72
3163	0.23
3164	0.53
3165	0.89
3166	0.34
3167	0.33
3168	0.38
3169	1.12
3170	0.85
3171	1.31
3172	0.31
3173	0.35
3174	0.98
3175	0.22
3176	0.91
3177	0.19
3178	0.21
3179	0.48
3180	0.37
3181	0.17
3182	0.42
3183	0.58
3184	0.29
3185	0.9
3186	0.46
3187	0.51
3188	0.69
3189	0.43
3190	0.61
3191	0.5
3192	0.43
3193	0.17
3194	1.62
3195	0.21
3196	0.41
3197	0.1
3198	0.5
3199	0.9
3200	0.25
3201	0.83
3202	0.13
3203	0.16
3204	0.94
3205	0.59
3206	0.69
3207	0.87
3208	1.17
3209	0.68
3210	0.59
3211	1.19
3212	0.95
3213	0.4
3214	0.36
3215	0.51
3216	1.03
3217	0.41
3218	0.76
3219	0.68
3220	0.34
3221	0.9
3222	0.68
3223	0.5
3224	0.02
3225	0.12
3226	0.07
3227	0.12
3228	0.05
3229	0.56
3230	0.41
3231	0.28
3232	0.94
3233	0.35
3234	0.32
3235	1.16
3236	0.57
3237	1.1
3238	0.51
3239	0.77
3240	0.47
3241	0.86
3242	0.21
3243	0.64
3244	1.06
3245	0.7
3246	0.49
3247	0.51
3248	0.72
3249	0.71
3250	0.71
3251	0.72
3252	0.67
3253	0.5
3254	1.02
3255	0.15
3256	0.36
3257	0.3
3258	0.17
3259	0.43
3260	0.03
3261	0.26
3262	0.38
3263	0.73
3264	0.85
3265	0.22
3266	0.25
3267	0.49
3268	0.52
3269	0.25
3270	0.93
3271	0.64
3272	0.08
3273	0.51
3274	0.6
3275	0.63
3276	0.46
3277	0.97
3278	0.53
3279	0.35
3280	0.01
3281	0.46
3282	0.73
3283	0.5
3284	0.63
3285	0.6
3286	0.1
3287	0.87
3288	0.48
3289	0.15
3290	0.58
3291	0.86
3292	0.64
3293	0.78
3294	0.76
3295	0.63
3296	0.49
3297	0.28
3298	0.96
3299	0.87
3300	1.1
3301	0.84
3302	0.21
3303	0.12
3304	0.47
3305	0.19
3306	0.76
3307	0.95
3308	0.66
3309	0.66
3310	0.93
3311	0.59
3312	0.8
3313	0.09
3314	0.32
3315	0.76
3316	0.68
3317	0.35
3318	0.41
3319	0.87
3320	0.36
3321	1.06
3322	0.57
3323	0.61
3324	0.67
3325	0.41
3326	0.11
3327	0.49
3328	0.48
3329	0.84
3330	0.79
3331	1.29
3332	0.34
3333	0.34
3334	1.09
3335	0.29
3336	0.85
3337	0.22
3338	0.81
3339	0.21
3340	0.51
3341	1.21
3342	0.95
3343	0.52
3344	0.54
3345	0.57
3346	0.11
3347	0.88
3348	0.16
3349	0.75
3350	0.23
3351	0.05
3352	0.16
3353	0.32
3354	0.56
3355	0.15
3356	0.68
3357	0.82
3358	0.44
3359	0.5
3360	1.24
3361	0.36
3362	0.13
3363	0.48
3364	0.89
3365	0.79
3366	0.62
3367	0.41
3368	0.44
3369	0.73
3370	1.01
3371	0.6
3372	0.48
3373	0.44
3374	0.43
3375	0.0
3376	0.0
3377	0.5
3378	0.75
3379	0.64
3380	0.36
3381	0.39
3382	0.79
3383	0.49
3384	0.5
3385	0.2
3386	0.82
3387	0.68
3388	0.33
3389	0.6
3390	1.03
3391	0.24
3392	0.28
3393	0.21
3394	0.05
3395	0.46
3396	0.27
3397	0.82
3398	0.54
3399	0.48
3400	0.6
3401	0.4
3402	1.02
3403	0.94
3404	0.29
3405	0.23
3406	0.49
3407	0.33
3408	1.02
3409	0.27
3410	0.8
3411	1.34
3412	0.07
3413	0.66
3414	0.76
3415	0.01
3416	1.2
3417	1.06
3418	0.91
3419	0.45
3420	0.89
3421	0.15
3422	0.9
3423	0.09
3424	0.47
3425	0.69
3426	0.41
3427	0.47
3428	0.26
3429	0.63
3430	0.36
3431	0.8
3432	0.57
3433	0.83
3434	0.21
3435	0.21
3436	0.92
3437	0.69
3438	0.44
3439	0.91
3440	1.01
3441	0.54
3442	0.42
3443	0.42
3444	0.61
3445	0.38
3446	0.45
3447	0.27
3448	1.01
3449	0.65
3450	0.22
3451	0.22
3452	0.24
3453	1.05
3454	0.93
3455	0.89
3456	0.31
3457	0.78
3458	0.24
3459	0.59
3460	0.53
3461	0.04
3462	0.88
3463	0.17
3464	0.28
3465	0.82
3466	0.35
3467	0.59
3468	0.62
3469	0.57
3470	0.74
3471	0.55
3472	0.21
3473	0.24
3474	0.43
3475	0.42
3476	0.35
3477	0.65
3478	1.12
3479	0.25
3480	0.14
3481	0.63
3482	0.21
3483	0.05
3484	0.19
3485	0.25
3486	0.33
3487	0.25
3488	0.29
3489	1.31
3490	1.14
3491	0.79
3492	1.0
3493	0.37
3494	1.13
3495	0.93
3496	0.11
3497	0.7
3498	0.74
3499	0.77
3500	0.27
3501	0.5
3502	0.22
3503	1.01
3504	0.29
3505	1.1
3506	0.49
3507	0.33
3508	0.89
3509	0.22
3510	0.59
3511	0.49
3512	0.3
3513	0.59
3514	0.17
3515	0.08
3516	0.49
3517	0.07
3518	0.88
3519	0.35
3520	0.95
3521	0.6
3522	0.36
3523	0.84
3524	0.46
3525	0.3
3526	0.64
3527	1.21
3528	0.15
3529	0.3
3530	0.03
3531	1.23
3532	0.85
3533	0.29
3534	0.76
3535	0.05
3536	0.2
3537	0.14
3538	0.55
3539	1.04
3540	0.71
3541	0.77
3542	0.42
3543	0.06
3544	0.61
3545	0.23
3546	0.29
3547	0.44
3548	0.73
3549	0.71
3550	0.55
3551	0.42
3552	0.35
3553	1.01
3554	0.6
3555	0.59
3556	0.31
3557	0.16
3558	0.03
3559	0.75
3560	0.96
3561	0.56
3562	0.69
3563	0.37
3564	0.63
3565	0.35
3566	0.4
3567	0.95
3568	0.63
3569	1.24
3570	0.56
3571	0.3
3572	0.56
3573	0.92
3574	0.78
3575	0.26
3576	0.43
3577	0.82
3578	0.35
3579	0.22
3580	0.26
3581	0.59
3582	0.6
3583	0.44
3584	0.35
3585	0.58
3586	0.01
3587	1.42
3588	0.68
3589	0.16
3590	0.27
3591	0.44
3592	0.86
3593	0.9
3594	0.34
3595	0.64
3596	0.85
3597	0.15
3598	0.7
3599	0.71
3600	0.2
3601	0.31
3602	0.48
3603	0.95
3604	1.25
3605	0.19
3606	0.25
3607	1.18
3608	0.19
3609	0.95
3610	0.92
3611	0.31
3612	0.64
3613	0.63
3614	0.63
3615	0.08
3616	0.83
3617	0.52
3618	0.52
3619	0.32
3620	0.55
3621	1.02
3622	0.33
3623	0.4
3624	0.35
3625	0.48
3626	0.58
3627	0.83
3628	0.2
3629	0.51
3630	0.06
3631	0.79
3632	0.9
3633	0.86
3634	0.47
3635	0.97
3636	0.56
3637	0.35
3638	0.29
3639	0.68
3640	0.44
3641	0.19
3642	0.5
3643	0.79
3644	0.75
3645	0.98
3646	0.83
3647	0.74
3648	0.75
3649	0.42
3650	0.37
3651	0.21
3652	0.45
3653	0.45
3654	0.3
3655	0.0
3656	0.37
3657	0.22
3658	0.06
3659	0.59
3660	1.08
3661	0.12
3662	0.24
3663	0.68
3664	0.36
3665	0.38
3666	0.12
3667	0.71
3668	0.21
3669	0.38
3670	0.78
3671	0.41
3672	0.54
3673	0.43
3674	0.2
3675	0.52
3676	0.1
3677	1.02
3678	0.07
3679	0.28
3680	0.37
3681	0.65
3682	0.93
3683	1.11
3684	0.02
3685	0.25
3686	0.27
3687	0.26
3688	0.19
3689	0.75
3690	0.32
3691	0.29
3692	0.44
3693	1.01
3694	0.47
3695	0.82
3696	0.56
3697	0.73
3698	0.54
3699	0.3
3700	0.61
3701	0.86
3702	0.41
3703	0.66
3704	0.82
3705	0.48
3706	0.6
3707	0.0
3708	0.23
3709	0.14
3710	0.45
3711	0.44
3712	0.38
3713	0.49
3714	0.62
3715	0.8
3716	0.45
3717	0.31
3718	0.45
3719	1.24
3720	0.52
3721	0.39
3722	0.59
3723	0.77
3724	0.83
3725	0.11
3726	0.18
3727	0.59
3728	0.44
3729	0.22
3730	0.61
3731	0.65
3732	0.16
3733	0.17
3734	0.56
3735	0.7
3736	1.01
3737	0.57
3738	0.9
3739	0.77
3740	0.05
3741	0.8
3742	0.51
3743	0.49
3744	0.56
3745	0.83
3746	0.36
3747	0.12
3748	0.73
3749	0.17
3750	0.43
3751	0.49
3752	0.54
3753	0.83
3754	0.6
3755	0.45
3756	0.76
3757	0.58
3758	0.8
3759	0.48
3760	0.13
3761	0.61
3762	0.01
3763	0.93
3764	1.03
3765	0.62
3766	0.48
3767	0.68
3768	0.41
3769	1.38
3770	1.26
3771	0.46
3772	0.32
3773	0.77
3774	0.98
3775	0.49
3776	0.21
3777	0.05
3778	0.26
3779	0.08
3780	0.08
3781	0.21
3782	0.15
3783	0.51
3784	0.11
3785	0.79
3786	0.99
3787	0.37
3788	0.45
3789	1.44
3790	0.05
3791	0.75
3792	0.33
3793	0.93
3794	0.33
3795	0.79
3796	0.43
3797	0.49
3798	0.48
3799	0.58
3800	0.9
3801	0.93
3802	0.48
3803	0.95
3804	0.24
3805	0.81
3806	0.33
3807	0.38
3808	0.19
3809	0.41
3810	0.02
3811	0.34
3812	0.76
3813	0.27
3814	0.85
3815	0.11
3816	0.19
3817	0.43
3818	0.68
3819	0.08
3820	0.52
3821	0.37
3822	0.25
3823	0.98
3824	0.78
3825	0.64
3826	0.92
3827	0.88
3828	0.4
3829	0.35
3830	0.81
3831	0.33
3832	0.75
3833	0.87
3834	0.04
3835	0.1
3836	0.44
3837	0.31
3838	0.61
3839	0.57
3840	0.47
3841	0.49
3842	0.58
3843	0.64
3844	0.2
3845	0.03
3846	0.46
3847	0.68
3848	0.76
3849	0.35
3850	0.89
3851	0.74
3852	0.46
3853	0.57
3854	0.5
3855	0.59
3856	0.3
3857	0.81
3858	0.29
3859	0.74
3860	0.77
3861	0.42
3862	0.11
3863	0.69
3864	0.46
3865	0.28
3866	0.35
3867	0.01
3868	0.0
3869	0.33
3870	0.28
3871	1.23
3872	0.63
3873	0.57
3874	0.84
3875	1.02
3876	0.51
3877	1.08
3878	0.17
3879	0.46
3880	0.6
3881	0.33
3882	0.53
3883	0.46
3884	0.22
3885	0.55
3886	1.12
3887	0.6
3888	0.04
3889	0.57
3890	0.29
3891	0.81
3892	0.94
3893	0.47
3894	0.12
3895	0.18
3896	0.82
3897	1.38
3898	0.57
3899	0.42
3900	0.78
3901	0.16
3902	1.08
3903	0.43
3904	0.41
3905	0.74
3906	0.24
3907	1.03
3908	0.18
3909	0.08
3910	0.44
3911	0.55
3912	0.82
3913	0.01
3914	0.85
3915	0.34
3916	0.35
3917	0.42
3918	0.47
3919	0.65
3920	0.35
3921	0.58
3922	0.3
3923	0.35
3924	0.35
3925	0.53
3926	0.77
3927	0.34
3928	0.68
3929	0.1
3930	0.19
3931	0.48
3932	0.53
3933	0.85
3934	0.85
3935	0.63
3936	0.07
3937	0.95
3938	0.72
3939	0.3
3940	0.58
3941	0.29
3942	0.54
3943	0.74
3944	0.31
3945	0.85
3946	0.69
3947	0.79
3948	0.58
3949	0.6
3950	0.63
3951	0.17
3952	0.14
3953	0.36
3954	0.85
3955	0.96
3956	0.27
3957	0.11
3958	0.65
3959	0.58
3960	0.96
3961	0.66
3962	0.33
3963	0.44
3964	1.53
3965	0.22
3966	0.33
3967	1.21
3968	0.55
3969	0.11
3970	0.22
3971	0.59
3972	0.19
3973	0.92
3974	1.16
3975	0.66
3976	0.18
3977	0.51
3978	0.86
3979	0.57
3980	0.75
3981	0.03
3982	0.53
3983	0.57
3984	0.76
3985	0.33
3986	0.4
3987	0.05
3988	0.33
3989	0.5
3990	0.92
3991	0.6
3992	0.87
3993	0.31
3994	0.82
3995	1.52
3996	0.17
3997	0.53
3998	0.5
3999	0.68
4000	0.64
4001	0.28
4002	0.56
4003	0.96
4004	0.68
4005	0.81
4006	0.63
4007	0.65
4008	0.17
4009	0.5
4010	0.73
4011	0.99
4012	0.81
4013	0.18
4014	1.15
4015	0.59
4016	0.33
4017	0.36
4018	0.26
4019	0.33
4020	0.27
4021	0.02
4022	0.16
4023	0.55
4024	1.21
4025	0.75
4026	0.52
4027	0.86
4028	0.6
4029	0.63
4030	0.12
4031	0.73
4032	0.58
4033	0.19
4034	0.31
4035	0.69
4036	1.35
4037	0.11
4038	0.35
4039	0.27
4040	0.62
4041	0.55
4042	0.33
4043	0.56
4044	0.29
4045	0.83
4046	0.33
4047	0.68
4048	0.49
4049	0.36
4050	0.56
4051	0.93
4052	0.68
4053	0.31
4054	0.11
4055	0.7
4056	0.49
4057	0.53
4058	1.24
4059	0.31
4060	0.11
4061	0.14
4062	0.69
4063	1.14
4064	0.04
4065	0.72
4066	0.44
4067	1.0
4068	0.27
4069	0.54
4070	1.45
4071	0.27
4072	1.09
4073	0.11
4074	0.76
4075	0.74
4076	0.42
4077	0.64
4078	0.43
4079	0.01
4080	0.8
4081	0.44
4082	0.11
4083	0.46
4084	0.71
4085	0.24
4086	0.86
4087	1.01
4088	1.1
4089	0.37
4090	0.64
4091	0.46
4092	0.57
4093	0.21
4094	0.04
4095	0.35
4096	0.53
4097	0.28
4098	0.09
4099	0.65
4100	0.68
4101	0.47
4102	0.65
4103	0.12
4104	0.03
4105	0.71
4106	0.35
4107	0.66
4108	0.8
4109	0.22
4110	0.49
4111	0.08
4112	0.56
4113	0.58
4114	0.71
4115	0.32
4116	1.28
4117	0.91
4118	0.49
4119	0.34
4120	0.21
4121	0.49
4122	0.41
4123	1.15
4124	0.72
4125	0.92
4126	0.93
4127	0.17
4128	0.33
4129	0.02
4130	0.58
4131	0.58
4132	0.55
4133	0.12
4134	0.84
4135	0.44
4136	0.52
4137	0.4
4138	0.49
4139	1.09
4140	0.86
4141	0.33
4142	0.81
4143	0.19
4144	0.38
4145	0.76
4146	0.7
4147	0.42
4148	0.74
4149	0.37
4150	0.29
4151	0.8
4152	0.5
4153	0.33
4154	0.49
4155	1.0
4156	0.28
4157	0.83
4158	0.21
4159	0.75
4160	0.35
4161	0.58
4162	0.25
4163	0.18
4164	0.41
4165	1.06
4166	0.47
4167	1.01
4168	0.5
4169	0.42
4170	0.08
4171	0.98
4172	0.27
4173	0.09
4174	0.14
4175	0.55
4176	0.87
4177	0.65
4178	0.42
4179	0.67
4180	0.59
4181	1.12
4182	0.81
4183	1.24
4184	0.97
4185	0.04
4186	0.33
4187	0.81
4188	0.02
4189	0.62
4190	0.04
4191	0.49
4192	0.55
4193	1.38
4194	0.14
4195	0.78
4196	1.09
4197	0.2
4198	0.51
4199	0.62
4200	0.93
4201	0.51
4202	0.14
4203	0.5
4204	1.15
4205	1.2
4206	0.77
4207	0.17
4208	0.66
4209	0.5
4210	0.52
4211	0.53
4212	0.32
4213	0.58
4214	0.33
4215	0.67
4216	0.07
4217	0.3
4218	0.39
4219	0.22
4220	0.89
4221	0.69
4222	0.5
4223	0.61
4224	0.22
4225	0.72
4226	0.62
4227	0.29
4228	0.9
4229	0.16
4230	0.76
4231	0.59
4232	0.79
4233	0.56
4234	0.81
4235	0.59
4236	0.37
4237	0.87
4238	0.68
4239	0.31
4240	0.91
4241	0.05
4242	1.28
4243	0.43
4244	0.4
4245	0.76
4246	0.73
4247	0.28
4248	0.71
4249	0.63
4250	0.34
4251	1.51
4252	0.96
4253	0.84
4254	1.25
4255	0.8
4256	1.0
4257	1.16
4258	0.62
4259	0.44
4260	0.33
4261	0.67
4262	0.53
4263	0.44
4264	0.59
4265	0.1
4266	0.93
4267	0.3
4268	0.08
4269	0.97
4270	0.6
4271	0.8
4272	1.02
4273	0.34
4274	0.17
4275	0.26
4276	0.92
4277	0.37
4278	0.35
4279	0.48
4280	0.39
4281	0.11
4282	0.08
4283	0.52
4284	0.76
4285	0.88
4286	0.42
4287	0.25
4288	0.16
4289	0.48
4290	0.57
4291	0.55
4292	0.68
4293	0.55
4294	0.24
4295	0.27
4296	0.36
4297	0.07
4298	0.36
4299	1.58
4300	0.35
4301	0.36
4302	1.23
4303	0.46
4304	1.15
4305	0.41
4306	0.08
4307	0.69
4308	0.67
4309	1.29
4310	0.63
4311	0.45
4312	0.73
4313	0.68
4314	0.65
4315	0.85
4316	0.97
4317	0.63
4318	0.44
4319	0.7
4320	0.72
4321	0.45
4322	0.63
4323	0.92
4324	0.16
4325	0.69
4326	0.79
4327	0.88
4328	0.72
4329	0.48
4330	1.08
4331	0.1
4332	0.25
4333	0.38
4334	0.68
4335	1.09
4336	0.08
4337	0.08
4338	1.07
4339	1.64
4340	0.98
4341	0.53
4342	0.78
4343	1.27
4344	0.53
4345	0.64
4346	0.09
4347	0.3
4348	0.84
4349	0.56
4350	0.49
4351	0.42
4352	0.58
4353	0.05
4354	0.4
4355	1.1
4356	0.47
4357	0.49
4358	0.74
4359	0.37
4360	0.41
4361	0.2
4362	0.89
4363	0.76
4364	0.5
4365	0.7
4366	0.77
4367	0.31
4368	1.25
4369	0.37
4370	0.58
4371	0.47
4372	0.06
4373	0.86
4374	0.56
4375	0.77
4376	0.4
4377	0.08
4378	0.58
4379	0.72
4380	0.38
4381	0.08
4382	0.12
4383	1.06
4384	0.53
4385	0.64
4386	0.63
4387	0.6
4388	0.75
4389	0.09
4390	0.47
4391	0.55
4392	0.63
4393	0.79
4394	0.67
4395	0.66
4396	0.98
4397	0.08
4398	0.26
4399	0.43
4400	0.71
4401	0.85
4402	0.87
4403	0.48
4404	0.41
4405	0.3
4406	0.09
4407	0.32
4408	0.07
4409	0.21
4410	0.3
4411	0.5
4412	0.52
4413	0.16
4414	1.18
4415	0.71
4416	0.68
4417	0.35
4418	0.34
4419	0.03
4420	0.37
4421	0.63
4422	0.55
4423	0.47
4424	0.84
4425	0.62
4426	0.53
4427	0.28
4428	0.46
4429	0.24
4430	0.84
4431	0.27
4432	0.54
4433	0.71
4434	1.18
4435	1.03
4436	0.37
4437	0.66
4438	0.32
4439	0.94
4440	0.42
4441	0.24
4442	0.43
4443	0.44
4444	0.38
4445	0.29
4446	0.4
4447	1.15
4448	0.57
4449	0.74
4450	0.15
4451	0.28
4452	0.01
4453	0.39
4454	0.03
4455	0.99
4456	0.4
4457	0.32
4458	0.37
4459	0.79
4460	0.4
4461	0.49
4462	0.65
4463	0.55
4464	0.76
4465	0.07
4466	1.39
4467	1.33
4468	0.38
4469	0.4
4470	0.11
4471	0.46
4472	0.26
4473	0.91
4474	0.47
4475	0.46
4476	0.69
4477	0.55
4478	0.27
4479	0.07
4480	0.22
4481	0.67
4482	0.92
4483	0.11
4484	0.36
4485	1.03
4486	0.38
4487	0.19
4488	0.37
4489	0.38
4490	0.69
4491	0.58
4492	1.02
4493	0.41
4494	0.6
4495	0.92
4496	0.13
4497	0.31
4498	0.68
4499	0.08
4500	0.76
4501	0.63
4502	0.7
4503	0.29
4504	0.5
4505	0.41
4506	0.21
4507	0.52
4508	0.17
4509	0.4
4510	0.7
4511	0.84
4512	0.48
4513	0.6
4514	0.54
4515	0.21
4516	0.62
4517	0.1
4518	0.45
4519	0.46
4520	0.4
4521	0.74
4522	0.14
4523	0.45
4524	0.78
4525	0.37
4526	0.77
4527	0.5
4528	0.13
4529	1.13
4530	0.72
4531	0.61
4532	0.82
4533	0.89
4534	0.5
4535	0.7
4536	0.53
4537	0.28
4538	0.39
4539	0.26
4540	0.31
4541	0.93
4542	0.55
4543	0.12
4544	0.88
4545	0.78
4546	0.53
4547	0.87
4548	0.33
4549	0.18
4550	0.32
4551	0.79
4552	0.52
4553	0.76
4554	0.39
4555	0.19
4556	0.73
4557	0.25
4558	0.1
4559	0.24
4560	0.26
4561	0.53
4562	0.45
4563	0.36
4564	0.47
4565	0.06
4566	0.24
4567	0.16
4568	0.94
4569	1.02
4570	0.11
4571	0.57
4572	1.31
4573	0.49
4574	0.13
4575	0.82
4576	1.01
4577	0.29
4578	0.23
4579	0.58
4580	1.28
4581	0.26
4582	1.15
4583	0.99
4584	0.59
4585	0.04
4586	0.68
4587	0.48
4588	0.26
4589	0.37
4590	0.39
4591	0.89
4592	0.94
4593	1.06
4594	0.4
4595	0.19
4596	0.71
4597	0.04
4598	0.23
4599	0.79
4600	0.63
4601	0.92
4602	0.45
4603	0.37
4604	0.9
4605	0.54
4606	0.37
4607	0.27
4608	1.1
4609	0.27
4610	0.16
4611	0.39
4612	0.31
4613	0.13
4614	0.35
4615	0.84
4616	0.88
4617	0.06
4618	1.09
4619	0.16
4620	0.49
4621	0.9
4622	0.66
4623	0.44
4624	0.46
4625	1.41
4626	0.7
4627	0.64
4628	0.7
4629	0.15
4630	0.87
4631	0.5
4632	0.2
4633	1.17
4634	1.03
4635	1.14
4636	0.61
4637	0.69
4638	1.1
4639	0.17
4640	1.01
4641	0.0
4642	0.5
4643	0.22
4644	0.18
4645	1.29
4646	0.59
4647	0.31
4648	0.72
4649	0.64
4650	0.39
4651	0.26
4652	0.35
4653	0.85
4654	0.97
4655	0.85
4656	0.52
4657	0.55
4658	0.96
4659	0.52
4660	0.45
4661	0.79
4662	0.99
4663	0.62
4664	0.2
4665	0.81
4666	0.38
4667	0.48
4668	0.62
4669	0.92
4670	0.31
4671	0.42
4672	0.01
4673	0.33
4674	1.04
4675	0.95
4676	0.45
4677	0.61
4678	0.74
4679	0.21
4680	0.07
4681	0.16
4682	0.35
4683	0.41
4684	0.59
4685	0.25
4686	0.48
4687	0.82
4688	0.16
4689	0.44
4690	0.04
4691	0.52
4692	0.31
4693	0.8
4694	0.19
4695	0.58
4696	0.41
4697	0.76
4698	0.51
4699	0.48
4700	0.53
4701	0.76
4702	0.67
4703	0.43
4704	0.07
4705	0.3
4706	0.16
4707	0.95
4708	0.44
4709	0.95
4710	0.24
4711	0.6
4712	0.44
4713	0.35
4714	0.77
4715	0.44
4716	0.47
4717	0.48
4718	1.24
4719	0.27
4720	1.01
4721	0.81
4722	0.18
4723	0.51
4724	0.49
4725	0.55
4726	0.66
4727	0.6
4728	0.41
4729	0.46
4730	0.54
4731	0.66
4732	0.4
4733	0.69
4734	0.87
4735	0.28
4736	0.72
4737	0.45
4738	0.88
4739	0.13
4740	0.43
4741	0.67
4742	0.53
4743	0.38
4744	0.79
4745	1.07
4746	0.13
4747	0.46
4748	0.58
4749	0.47
4750	1.06
4751	1.03
4752	0.1
4753	0.65
4754	0.44
4755	0.64
4756	0.25
4757	0.44
4758	0.33
4759	1.17
4760	0.62
4761	0.67
4762	0.35
4763	0.72
4764	0.78
4765	0.88
4766	0.62
4767	0.67
4768	0.69
4769	0.61
4770	0.14
4771	0.1
4772	1.04
4773	0.98
4774	0.47
4775	0.92
4776	0.38
4777	0.97
4778	1.0
4779	0.42
4780	0.17
4781	0.68
4782	0.91
4783	0.46
4784	0.62
4785	0.73
4786	0.88
4787	0.54
4788	1.1
4789	0.62
4790	0.07
4791	0.13
4792	0.79
4793	0.39
4794	0.19
4795	0.9
4796	0.69
4797	0.75
4798	0.06
4799	0.45
4800	0.51
4801	1.08
4802	0.95
4803	1.0
4804	0.42
4805	0.67
4806	0.22
4807	0.39
4808	0.05
4809	0.49
4810	1.12
4811	0.52
4812	0.79
4813	0.19
4814	0.55
4815	1.07
4816	0.74
4817	0.95
4818	0.85
4819	0.6
4820	0.54
4821	0.21
4822	0.29
4823	0.69
4824	0.53
4825	0.95
4826	0.18
4827	0.34
4828	0.51
4829	0.66
4830	0.29
4831	0.54
4832	0.05
4833	0.93
4834	0.12
4835	0.42
4836	0.62
4837	0.38
4838	0.7
4839	0.3
4840	0.91
4841	0.13
4842	0.52
4843	0.13
4844	0.56
4845	0.77
4846	0.42
4847	0.2
4848	0.94
4849	1.06
4850	0.64
4851	0.28
4852	0.47
4853	0.19
4854	0.93
4855	0.09
4856	0.43
4857	0.55
4858	1.1
4859	0.27
4860	0.64
4861	0.65
4862	0.21
4863	0.33
4864	0.19
4865	0.88
4866	0.45
4867	0.74
4868	0.54
4869	0.0
4870	0.62
4871	0.3
4872	0.17
4873	0.4
4874	0.46
4875	0.38
4876	0.71
4877	0.18
4878	0.27
4879	0.37
4880	0.28
4881	0.43
4882	0.58
4883	0.64
4884	0.4
4885	0.57
4886	0.52
4887	0.29
4888	0.28
4889	0.32
4890	1.0
4891	0.52
4892	0.32
4893	1.03
4894	0.58
4895	0.59
4896	0.4
4897	0.38
4898	0.91
4899	0.6
4900	0.45
4901	0.81
4902	0.41
4903	0.49
4904	0.71
4905	0.79
4906	0.23
4907	0.45
4908	0.42
4909	0.85
4910	0.14
4911	0.53
4912	0.03
4913	0.78
4914	0.41
4915	0.75
4916	0.25
4917	0.53
4918	0.25
4919	0.3
4920	1.01
4921	0.63
4922	0.31
4923	0.27
4924	0.46
4925	0.49
4926	0.28
4927	1.24
4928	0.51
4929	0.42
4930	0.34
4931	0.87
4932	0.31
4933	0.85
4934	0.12
4935	0.36
4936	0.74
4937	1.02
4938	0.6
4939	0.48
4940	0.94
4941	0.45
4942	1.16
4943	0.26
4944	0.47
4945	0.93
4946	0.23
4947	0.95
4948	0.21
4949	0.5
4950	0.51
4951	0.49
4952	1.54
4953	0.51
4954	0.74
4955	0.75
4956	0.67
4957	0.94
4958	0.4
4959	0.15
4960	0.22
4961	0.58
4962	1.05
4963	0.54
4964	0.04
4965	0.54
4966	0.39
4967	0.2
4968	0.75
4969	0.19
4970	1.09
4971	0.43
4972	0.41
4973	0.99
4974	0.38
4975	0.2
4976	0.18
4977	0.82
4978	0.31
4979	0.47
4980	0.61
4981	0.5
4982	0.26
4983	0.48
4984	0.31
4985	0.49
4986	0.14
4987	0.51
4988	0.71
4989	0.08
4990	0.28
4991	0.33
4992	0.51
4993	0.29
4994	0.65
4995	0.43
4996	0.53
4997	0.18
4998	0.97
4999	0.6
5000	0.54
5001	0.46
5002	0.53
5003	0.44
5004	0.78
5005	0.86
5006	0.45
5007	0.45
5008	0.74
5009	0.8
5010	0.35
5011	0.2
5012	0.6
5013	0.5
5014	0.0
5015	0.48
5016	0.33
5017	0.9
5018	0.61
5019	0.08
5020	0.05
5021	0.73
5022	0.87
5023	0.88
5024	0.27
5025	0.04
5026	1.03
5027	1.25
5028	0.39
5029	0.77
5030	0.17
5031	1.63
5032	0.31
5033	0.79
5034	0.4
5035	0.56
5036	0.93
5037	0.62
5038	1.15
5039	0.4
5040	0.84
5041	1.31
5042	0.71
5043	0.75
5044	0.7
5045	0.48
5046	1.04
5047	0.17
5048	0.26
5049	0.95
5050	0.35
5051	0.14
5052	0.34
5053	0.08
5054	0.26
5055	0.74
5056	0.68
5057	0.24
5058	0.17
5059	0.41
5060	0.3
5061	0.68
5062	0.68
5063	0.35
5064	0.5
5065	0.55
5066	1.06
5067	1.1
5068	1.28
5069	0.74
5070	0.83
5071	0.3
5072	1.06
5073	0.41
5074	0.72
5075	0.16
5076	0.48
5077	1.3
5078	0.53
5079	0.89
5080	0.59
5081	1.07
5082	0.18
5083	0.54
5084	0.53
5085	0.18
5086	0.48
5087	0.19
5088	0.34
5089	0.42
5090	0.39
5091	0.69
5092	0.78
5093	0.67
5094	0.44
5095	0.69
5096	0.55
5097	0.74
5098	0.29
5099	0.66
5100	0.4
5101	0.87
5102	0.53
5103	1.19
5104	0.69
5105	0.61
5106	0.19
5107	0.25
5108	0.56
5109	0.24
5110	0.17
5111	0.67
5112	0.37
5113	0.93
5114	0.74
5115	0.68
5116	0.17
5117	0.57
5118	0.04
5119	0.99
5120	0.13
5121	0.07
5122	0.89
5123	0.02
5124	0.34
5125	1.04
5126	0.22
5127	0.09
5128	0.56
5129	0.55
5130	0.3
5131	0.53
5132	0.86
5133	0.33
5134	0.32
5135	0.41
5136	0.4
5137	0.44
5138	0.19
5139	0.87
5140	1.0
5141	1.02
5142	0.61
5143	0.45
5144	0.34
5145	1.15
5146	0.06
5147	0.49
5148	0.47
5149	1.39
5150	0.33
5151	0.4
5152	0.68
5153	0.27
5154	0.54
5155	0.87
5156	0.4
5157	0.04
5158	0.42
5159	0.36
5160	0.38
5161	0.78
5162	0.38
5163	0.31
5164	0.5
5165	1.06
5166	0.79
5167	1.35
5168	0.02
5169	0.31
5170	0.31
5171	0.73
5172	0.28
5173	0.58
5174	1.28
5175	0.89
5176	0.78
5177	0.19
5178	0.85
5179	0.52
5180	0.59
5181	0.02
5182	0.8
5183	0.19
5184	0.9
5185	0.64
5186	0.56
5187	0.82
5188	0.5
5189	0.65
5190	0.59
5191	0.63
5192	0.43
5193	0.38
5194	0.58
5195	0.47
5196	1.15
5197	0.75
5198	0.57
5199	0.47
5200	0.54
5201	0.79
5202	0.43
5203	0.56
5204	0.03
5205	0.56
5206	1.15
5207	0.59
5208	0.5
5209	0.5
5210	0.47
5211	1.05
5212	0.67
5213	0.81
5214	0.15
5215	0.95
5216	0.41
5217	0.34
5218	0.36
5219	0.86
5220	0.58
5221	0.45
5222	0.22
5223	0.39
5224	0.16
5225	0.45
5226	0.1
5227	0.53
5228	1.09
5229	1.06
5230	0.19
5231	0.69
5232	0.34
5233	0.48
5234	0.6
5235	0.66
5236	0.53
5237	0.55
5238	0.66
5239	1.1
5240	0.6
5241	0.32
5242	0.05
5243	0.08
5244	0.04
5245	1.15
5246	0.52
5247	0.31
5248	0.43
5249	0.99
5250	0.09
5251	0.52
5252	0.15
5253	1.03
5254	0.54
5255	0.02
5256	0.67
5257	0.88
5258	0.55
5259	0.29
5260	0.05
5261	0.18
5262	0.79
5263	0.31
5264	0.06
5265	0.39
5266	0.81
5267	0.01
5268	0.02
5269	0.37
5270	0.16
5271	0.29
5272	0.37
5273	0.21
5274	0.77
5275	0.4
5276	1.0
5277	0.98
5278	0.07
5279	0.05
5280	0.66
5281	0.35
5282	0.6
5283	0.61
5284	0.19
5285	0.29
5286	0.3
5287	0.42
5288	0.83
5289	0.49
5290	0.29
5291	0.9
5292	0.34
5293	1.01
5294	0.24
5295	0.49
5296	0.22
5297	0.29
5298	0.27
5299	0.61
5300	0.26
5301	0.59
5302	0.55
5303	0.83
5304	0.92
5305	0.6
5306	1.32
5307	0.59
5308	1.05
5309	0.19
5310	0.38
5311	0.65
5312	0.58
5313	0.61
5314	0.75
5315	0.48
5316	0.7
5317	0.53
5318	0.89
5319	0.28
5320	0.52
5321	0.77
5322	0.86
5323	0.01
5324	0.05
5325	0.69
5326	0.38
5327	0.11
5328	0.7
5329	1.14
5330	0.46
5331	0.44
5332	0.63
5333	0.46
5334	0.01
5335	0.0
5336	0.5
5337	0.34
5338	0.67
5339	0.78
5340	1.22
5341	1.02
5342	0.66
5343	0.76
5344	0.59
5345	0.46
5346	0.5
5347	0.35
5348	0.75
5349	0.41
5350	0.39
5351	0.28
5352	0.88
5353	0.65
5354	0.09
5355	0.02
5356	0.4
5357	0.29
5358	0.63
5359	0.19
5360	0.26
5361	0.7
5362	0.87
5363	1.14
5364	0.08
5365	1.01
5366	0.4
5367	0.02
5368	0.78
5369	0.65
5370	0.46
5371	1.43
5372	0.2
5373	0.66
5374	0.05
5375	0.95
5376	0.3
5377	0.33
5378	0.34
5379	0.37
5380	0.78
5381	0.55
5382	0.56
5383	0.44
5384	0.7
5385	0.72
5386	0.36
5387	0.68
5388	0.87
5389	0.61
5390	0.19
5391	0.57
5392	0.36
5393	0.47
5394	0.26
5395	1.23
5396	0.31
5397	0.52
5398	0.72
5399	0.54
5400	0.96
5401	0.52
5402	0.31
5403	0.28
5404	0.59
5405	0.15
5406	0.09
5407	0.09
5408	0.82
5409	0.38
5410	0.91
5411	0.03
5412	0.21
5413	0.75
5414	0.55
5415	0.34
5416	0.66
5417	1.14
5418	0.4
5419	1.01
5420	0.27
5421	0.6
5422	0.93
5423	0.43
5424	0.39
5425	0.46
5426	0.33
5427	0.97
5428	0.24
5429	0.96
5430	0.04
5431	0.56
5432	0.54
5433	0.8
5434	0.06
5435	0.42
5436	0.27
5437	0.75
5438	0.56
5439	0.61
5440	0.86
5441	0.66
5442	1.24
5443	0.01
5444	0.91
5445	0.55
5446	0.45
5447	0.14
5448	0.77
5449	0.52
5450	0.48
5451	0.29
5452	0.89
5453	0.8
5454	0.28
5455	0.38
5456	0.3
5457	1.13
5458	0.48
5459	0.22
5460	0.55
5461	0.36
5462	0.62
5463	1.21
5464	0.79
5465	0.47
5466	1.28
5467	0.32
5468	0.62
5469	1.12
5470	0.31
5471	0.73
5472	0.63
5473	0.69
5474	0.53
5475	0.9
5476	0.57
5477	0.16
5478	0.6
5479	0.76
5480	0.31
5481	0.59
5482	0.39
5483	0.42
5484	0.66
5485	0.01
5486	0.45
5487	0.6
5488	0.19
5489	0.56
5490	0.56
5491	0.53
5492	0.35
5493	0.88
5494	0.61
5495	0.61
5496	0.26
5497	0.99
5498	0.94
5499	1.0
5500	0.33
5501	0.54
5502	0.91
5503	0.61
5504	0.15
5505	0.81
5506	0.46
5507	0.4
5508	0.55
5509	0.63
5510	0.37
5511	0.2
5512	0.84
5513	0.35
5514	0.25
5515	0.34
5516	0.39
5517	0.55
5518	0.68
5519	0.23
5520	0.16
5521	0.32
5522	0.23
5523	0.58
5524	0.46
5525	0.18
5526	0.29
5527	0.39
5528	0.08
5529	0.13
5530	0.67
5531	0.38
5532	0.51
5533	0.9
5534	0.02
5535	0.22
5536	0.62
5537	0.57
5538	0.75
5539	0.34
5540	0.85
5541	0.43
5542	0.22
5543	0.67
5544	0.52
5545	0.01
5546	0.12
5547	1.35
5548	0.71
5549	0.4
5550	1.05
5551	0.45
5552	0.55
5553	0.75
5554	0.13
5555	0.59
5556	0.49
5557	0.78
5558	0.35
5559	0.96
5560	0.83
5561	0.94
5562	0.13
5563	0.52
5564	0.79
5565	0.47
5566	0.41
5567	0.92
5568	0.32
5569	0.38
5570	0.83
5571	1.16
5572	0.63
5573	0.58
5574	0.72
5575	0.8
5576	0.3
5577	0.88
5578	0.3
5579	1.03
5580	0.16
5581	0.87
5582	0.06
5583	0.93
5584	0.43
5585	0.95
5586	1.12
5587	0.86
5588	0.19
5589	0.91
5590	0.1
5591	1.3
5592	0.92
5593	1.59
5594	0.8
5595	0.91
5596	0.85
5597	0.33
5598	0.44
5599	0.4
5600	0.4
5601	0.3
5602	0.66
5603	0.19
5604	0.17
5605	1.01
5606	0.55
5607	0.88
5608	0.43
5609	0.48
5610	0.56
5611	0.81
5612	0.37
5613	0.65
5614	1.07
5615	0.75
5616	0.07
5617	0.37
5618	0.58
5619	0.52
5620	0.93
5621	0.44
5622	0.35
5623	0.77
5624	0.39
5625	0.55
5626	0.92
5627	0.32
5628	0.47
5629	0.91
5630	0.54
5631	1.15
5632	0.15
5633	0.41
5634	0.82
5635	0.64
5636	0.63
5637	0.6
5638	0.57
5639	0.47
5640	0.7
5641	0.24
5642	0.23
5643	1.34
5644	0.37
5645	1.07
5646	0.07
5647	0.28
5648	1.12
5649	0.47
5650	0.61
5651	0.65
5652	0.37
5653	0.75
5654	0.82
5655	0.2
5656	0.27
5657	0.43
5658	0.25
5659	0.43
5660	0.89
5661	0.91
5662	0.95
5663	0.39
5664	0.52
5665	0.6
5666	0.52
5667	0.36
5668	0.57
5669	0.31
5670	0.05
5671	0.74
5672	0.35
5673	0.86
5674	0.55
5675	0.6
5676	0.38
5677	0.34
5678	0.54
5679	0.23
5680	0.74
5681	1.33
5682	0.69
5683	0.18
5684	0.82
5685	0.53
5686	0.3
5687	0.55
5688	0.28
5689	0.87
5690	0.67
5691	0.68
5692	0.8
5693	0.45
5694	0.27
5695	0.7
5696	0.24
5697	1.21
5698	0.26
5699	0.4
5700	0.71
5701	0.62
5702	0.36
5703	0.76
5704	0.74
5705	0.3
5706	0.46
5707	0.84
5708	0.62
5709	0.81
5710	0.01
5711	0.09
5712	0.79
5713	0.37
5714	0.24
5715	0.14
5716	0.51
5717	0.18
5718	0.22
5719	0.5
5720	0.48
5721	0.15
5722	0.73
5723	0.84
5724	0.6
5725	0.52
5726	0.23
5727	1.06
5728	0.79
5729	0.52
5730	1.08
5731	1.06
5732	0.69
5733	0.99
5734	0.62
5735	0.61
5736	0.46
5737	0.32
5738	0.71
5739	0.66
5740	0.2
5741	0.23
5742	0.69
5743	0.76
5744	0.35
5745	0.34
5746	0.08
5747	0.24
5748	0.03
5749	0.73
5750	0.62
5751	0.38
5752	0.63
5753	0.69
5754	0.34
5755	0.72
5756	0.47
5757	0.76
5758	0.16
5759	0.6
5760	0.87
5761	0.53
5762	0.7
5763	0.15
5764	0.96
5765	0.37
5766	0.24
5767	0.16
5768	1.01
5769	0.09
5770	0.62
5771	0.73
5772	0.74
5773	0.1
5774	0.81
5775	0.98
5776	0.73
5777	0.5
5778	0.75
5779	0.07
5780	0.54
5781	0.61
5782	0.23
5783	0.74
5784	1.07
5785	0.48
5786	0.07
5787	0.49
5788	0.52
5789	1.06
5790	0.6
5791	0.37
5792	0.58
5793	0.89
5794	0.54
5795	0.79
5796	0.29
5797	0.37
5798	0.47
5799	0.49
5800	0.56
5801	0.82
5802	0.62
5803	0.71
5804	0.28
5805	0.76
5806	0.28
5807	0.28
5808	0.45
5809	0.52
5810	0.77
5811	0.91
5812	0.46
5813	0.51
5814	0.37
5815	0.75
5816	0.38
5817	0.69
5818	0.45
5819	0.82
5820	0.66
5821	0.5
5822	0.68
5823	0.16
5824	0.45
5825	0.36
5826	0.05
5827	0.3
5828	0.13
5829	0.24
5830	0.71
5831	0.34
5832	0.7
5833	0.49
5834	0.84
5835	0.64
5836	0.47
5837	0.3
5838	0.63
5839	0.4
5840	0.26
5841	0.54
5842	0.09
5843	0.85
5844	0.69
5845	0.26
5846	0.3
5847	0.71
5848	0.44
5849	1.07
5850	0.94
5851	1.31
5852	0.48
5853	0.24
5854	1.36
5855	0.54
5856	0.35
5857	0.31
5858	0.76
5859	0.69
5860	1.15
5861	1.06
5862	0.49
5863	0.38
5864	0.98
5865	0.23
5866	0.69
5867	0.65
5868	0.68
5869	0.55
5870	0.43
5871	0.92
5872	0.59
5873	0.64
5874	0.77
5875	0.46
5876	0.37
5877	0.31
5878	0.53
5879	0.19
5880	0.48
5881	0.34
5882	0.31
5883	0.66
5884	0.48
5885	0.35
5886	1.15
5887	0.2
5888	0.15
5889	0.33
5890	0.81
5891	0.68
5892	0.64
5893	1.08
5894	0.57
5895	0.63
5896	0.65
5897	0.42
5898	0.74
5899	1.26
5900	0.34
5901	0.64
5902	0.9
5903	0.35
5904	0.61
5905	1.29
5906	0.3
5907	0.68
5908	0.31
5909	0.75
5910	0.77
5911	1.18
5912	0.46
5913	0.43
5914	1.14
5915	0.15
5916	0.0
5917	0.36
5918	0.24
5919	0.63
5920	0.77
5921	0.99
5922	0.31
5923	0.08
5924	1.05
5925	0.18
5926	0.92
5927	0.28
5928	0.76
5929	0.67
5930	0.29
5931	0.96
5932	0.41
5933	0.46
5934	1.22
5935	0.29
5936	0.75
5937	0.83
5938	1.19
5939	0.36
5940	0.66
5941	0.09
5942	0.88
5943	0.67
5944	0.21
5945	0.24
5946	0.41
5947	0.81
5948	0.28
5949	0.34
5950	0.2
5951	0.92
5952	0.13
5953	0.61
5954	0.12
5955	0.62
5956	0.47
5957	0.14
5958	0.51
5959	0.18
5960	0.05
5961	0.36
5962	0.76
5963	0.74
5964	0.46
5965	0.42
5966	0.38
5967	0.61
5968	0.53
5969	0.11
5970	0.86
5971	0.7
5972	0.47
5973	0.99
5974	0.31
5975	0.66
5976	0.68
5977	0.09
5978	0.54
5979	0.58
5980	0.2
5981	0.85
5982	0.34
5983	0.56
5984	0.35
5985	0.82
5986	0.31
5987	0.71
5988	0.35
5989	0.88
5990	0.95
5991	0.66
5992	0.48
5993	0.1
5994	0.34
5995	0.35
5996	0.31
5997	0.32
5998	0.73
5999	0.66
6000	0.66
6001	0.59
6002	0.9
6003	0.13
6004	0.9
6005	0.81
6006	0.32
6007	0.15
6008	0.98
6009	0.21
6010	1.05
6011	1.01
6012	0.51
6013	0.31
6014	0.49
6015	0.18
6016	1.04
6017	0.42
6018	0.69
6019	0.36
6020	0.8
6021	0.05
6022	0.66
6023	0.07
6024	1.04
6025	0.48
6026	0.9
6027	1.2
6028	0.61
6029	0.32
6030	0.24
6031	0.44
6032	0.51
6033	0.34
6034	1.31
6035	0.66
6036	0.66
6037	0.74
6038	0.4
6039	0.52
6040	0.74
6041	0.16
6042	0.59
6043	0.59
6044	0.03
6045	1.09
6046	0.26
6047	0.8
6048	0.57
6049	0.53
6050	0.06
6051	0.69
6052	0.54
6053	0.43
6054	0.24
6055	0.41
6056	0.58
6057	0.22
6058	0.49
6059	0.31
6060	0.33
6061	0.29
6062	0.71
6063	0.57
6064	0.28
6065	1.03
6066	0.45
6067	0.3
6068	0.73
6069	1.19
6070	0.35
6071	0.51
6072	0.17
6073	0.86
6074	0.53
6075	0.46
6076	0.14
6077	1.25
6078	0.59
6079	0.39
6080	0.25
6081	0.55
6082	0.23
6083	0.08
6084	0.61
6085	1.84
6086	0.67
6087	0.67
6088	1.26
6089	0.1
6090	0.26
6091	0.78
6092	0.73
6093	0.41
6094	0.59
6095	0.4
6096	0.79
6097	0.5
6098	0.25
6099	0.56
6100	0.06
6101	0.41
6102	0.21
6103	0.39
6104	0.79
6105	0.67
6106	0.28
6107	0.83
6108	0.33
6109	0.11
6110	0.56
6111	0.43
6112	0.46
6113	0.89
6114	0.56
6115	0.4
6116	0.38
6117	0.31
6118	0.39
6119	0.29
6120	0.07
6121	1.36
6122	0.83
6123	0.66
6124	0.78
6125	0.55
6126	0.44
6127	0.49
6128	0.68
6129	0.51
6130	0.78
6131	0.57
6132	1.01
6133	0.53
6134	0.29
6135	0.15
6136	0.1
6137	0.33
6138	0.14
6139	0.81
6140	0.86
6141	0.34
6142	0.37
6143	0.31
6144	0.16
6145	1.04
6146	0.33
6147	0.13
6148	0.02
6149	0.04
6150	0.34
6151	1.14
6152	0.37
6153	0.51
6154	0.32
6155	0.51
6156	0.43
6157	0.48
6158	0.56
6159	0.61
6160	0.19
6161	1.16
6162	0.39
6163	0.63
6164	0.1
6165	0.71
6166	0.41
6167	0.05
6168	0.19
6169	0.83
6170	0.11
6171	0.13
6172	1.12
6173	0.88
6174	0.16
6175	0.09
6176	0.28
6177	0.22
6178	0.05
6179	0.42
6180	0.21
6181	0.73
6182	0.74
6183	0.19
6184	0.68
6185	0.01
6186	0.63
6187	0.38
6188	0.5
6189	0.85
6190	0.86
6191	0.78
6192	0.02
6193	0.33
6194	0.61
6195	0.82
6196	0.86
6197	1.23
6198	0.72
6199	0.99
6200	0.19
6201	0.31
6202	1.01
6203	0.62
6204	0.29
6205	0.27
6206	0.48
6207	0.01
6208	0.06
6209	0.61
6210	0.74
6211	0.59
6212	0.32
6213	0.39
6214	0.26
6215	0.64
6216	0.28
6217	0.08
6218	1.1
6219	0.5
6220	0.5
6221	0.68
6222	0.53
6223	0.74
6224	1.58
6225	0.36
6226	0.68
6227	0.39
6228	0.37
6229	0.42
6230	0.16
6231	1.06
6232	0.74
6233	0.72
6234	0.14
6235	0.47
6236	0.8
6237	0.46
6238	0.78
6239	0.92
6240	1.14
6241	0.31
6242	1.05
6243	0.63
6244	0.31
6245	1.03
6246	0.5
6247	0.37
6248	0.17
6249	0.47
6250	0.48
6251	1.25
6252	0.87
6253	0.64
6254	0.29
6255	0.2
6256	0.21
6257	0.62
6258	0.68
6259	0.66
6260	0.17
6261	0.71
6262	0.57
6263	0.61
6264	0.53
6265	0.54
6266	0.47
6267	0.35
6268	0.45
6269	0.11
6270	1.12
6271	0.57
6272	0.19
6273	0.61
6274	0.73
6275	0.2
6276	0.51
6277	0.41
6278	0.79
6279	0.26
6280	0.5
6281	0.84
6282	0.78
6283	0.1
6284	0.3
6285	0.62
6286	0.43
6287	1.24
6288	0.82
6289	0.91
6290	0.84
6291	0.46
6292	0.86
6293	0.12
6294	0.74
6295	1.14
6296	0.42
6297	0.06
6298	0.82
6299	0.33
6300	0.42
6301	0.79
6302	0.44
6303	0.2
6304	0.1
6305	0.55
6306	0.9
6307	0.06
6308	0.29
6309	0.78
6310	0.69
6311	0.64
6312	0.94
6313	0.19
6314	0.47
6315	0.33
6316	0.69
6317	0.4
6318	0.44
6319	0.44
6320	0.4
6321	0.38
6322	0.09
6323	0.05
6324	0.78
6325	0.57
6326	0.13
6327	0.26
6328	0.25
6329	0.29
6330	0.55
6331	0.92
6332	0.58
6333	0.25
6334	0.26
6335	0.56
6336	0.51
6337	0.76
6338	0.21
6339	0.5
6340	0.25
6341	0.73
6342	0.36
6343	0.37
6344	1.2
6345	0.77
6346	0.59
6347	0.3
6348	0.68
6349	0.68
6350	0.8
6351	0.25
6352	0.6
6353	0.05
6354	0.27
6355	0.74
6356	0.32
6357	0.05
6358	0.68
6359	0.02
6360	0.6
6361	0.7
6362	0.58
6363	0.55
6364	1.1
6365	0.18
6366	0.1
6367	0.29
6368	0.34
6369	0.53
6370	0.12
6371	0.24
6372	0.99
6373	1.02
6374	0.12
6375	0.28
6376	0.51
6377	0.94
6378	0.53
6379	0.02
6380	0.48
6381	0.42
6382	0.29
6383	0.24
6384	0.35
6385	0.36
6386	0.07
6387	0.04
6388	0.5
6389	1.58
6390	0.65
6391	0.5
6392	0.93
6393	0.49
6394	0.14
6395	0.3
6396	0.69
6397	0.52
6398	0.33
6399	0.24
6400	0.81
6401	0.83
6402	0.59
6403	0.74
6404	0.26
6405	1.08
6406	0.59
6407	0.3
6408	0.12
6409	0.33
6410	0.76
6411	0.02
6412	0.32
6413	0.73
6414	0.45
6415	0.4
6416	0.6
6417	0.15
6418	0.27
6419	0.78
6420	0.61
6421	0.05
6422	0.67
6423	0.53
6424	0.13
6425	0.52
6426	0.18
6427	0.61
6428	0.9
6429	0.76
6430	0.55
6431	0.67
6432	0.38
6433	0.45
6434	0.96
6435	0.68
6436	0.47
6437	0.21
6438	0.98
6439	1.07
6440	1.15
6441	0.57
6442	0.46
6443	0.3
6444	0.95
6445	0.06
6446	0.83
6447	0.32
6448	0.64
6449	0.07
6450	1.29
6451	0.49
6452	0.24
6453	0.67
6454	0.03
6455	0.45
6456	0.51
6457	0.47
6458	0.69
6459	0.35
6460	0.01
6461	0.62
6462	0.1
6463	1.0
6464	0.28
6465	0.45
6466	0.39
6467	0.51
6468	1.01
6469	0.51
6470	1.07
6471	0.62
6472	0.13
6473	0.84
6474	0.65
6475	0.91
6476	0.21
6477	0.1
6478	0.38
6479	0.3
6480	0.87
6481	0.04
6482	0.98
6483	0.63
6484	0.8
6485	0.66
6486	0.26
6487	0.74
6488	0.32
6489	0.39
6490	0.55
6491	0.43
6492	0.11
6493	0.97
6494	0.25
6495	0.61
6496	0.76
6497	0.11
6498	0.06
6499	0.82
6500	0.02
6501	0.25
6502	0.85
6503	0.44
6504	0.43
6505	0.39
6506	1.01
6507	0.54
6508	0.39
6509	0.31
6510	0.24
6511	0.53
6512	0.9
6513	0.58
6514	0.94
6515	0.75
6516	0.78
6517	0.59
6518	0.7
6519	0.63
6520	0.21
6521	0.75
6522	0.32
6523	1.01
6524	0.45
6525	0.33
6526	0.71
6527	0.82
6528	0.79
6529	0.39
6530	0.24
6531	0.29
6532	0.99
6533	0.2
6534	0.54
6535	0.32
6536	0.5
6537	0.25
6538	0.81
6539	0.88
6540	0.02
6541	0.3
6542	0.04
6543	0.57
6544	0.66
6545	0.55
6546	0.7
6547	0.49
6548	0.63
6549	0.15
6550	0.1
6551	0.58
6552	0.58
6553	0.58
6554	0.01
6555	0.04
6556	0.25
6557	1.08
6558	1.16
6559	0.55
6560	0.26
6561	0.03
6562	0.26
6563	0.41
6564	0.84
6565	1.04
6566	1.11
6567	0.95
6568	0.39
6569	0.41
6570	0.13
6571	0.02
6572	0.32
6573	0.69
6574	0.39
6575	0.5
6576	0.65
6577	0.55
6578	0.26
6579	0.23
6580	0.63
6581	0.12
6582	1.28
6583	0.71
6584	1.5
6585	0.2
6586	0.85
6587	0.53
6588	0.37
6589	0.46
6590	0.28
6591	0.49
6592	0.48
6593	0.48
6594	0.21
6595	0.49
6596	1.02
6597	0.49
6598	0.7
6599	0.46
6600	0.93
6601	0.34
6602	0.49
6603	0.61
6604	0.15
6605	0.43
6606	1.0
6607	1.35
6608	0.14
6609	1.0
6610	1.03
6611	0.23
6612	0.66
6613	0.43
6614	0.26
6615	0.84
6616	0.26
6617	0.05
6618	0.26
6619	0.61
6620	0.14
6621	0.26
6622	0.81
6623	0.93
6624	0.14
6625	0.5
6626	1.24
6627	0.76
6628	0.67
6629	0.97
6630	0.82
6631	1.12
6632	0.19
6633	1.17
6634	0.71
6635	1.41
6636	0.78
6637	0.64
6638	0.69
6639	0.47
6640	0.25
6641	0.73
6642	0.67
6643	0.76
6644	0.56
6645	0.78
6646	0.43
6647	0.07
6648	0.21
6649	0.17
6650	0.56
6651	0.5
6652	0.66
6653	0.84
6654	0.41
6655	0.02
6656	0.64
6657	0.37
6658	0.17
6659	0.23
6660	0.04
6661	1.04
6662	0.28
6663	0.44
6664	0.54
6665	0.82
6666	0.11
6667	0.42
6668	0.74
6669	0.38
6670	0.27
6671	0.93
6672	0.55
6673	0.77
6674	0.4
6675	0.25
6676	0.14
6677	0.1
6678	0.31
6679	0.82
6680	0.31
6681	0.78
6682	0.4
6683	0.02
6684	0.28
6685	0.19
6686	0.25
6687	0.48
6688	0.25
6689	0.06
6690	0.55
6691	0.92
6692	0.89
6693	0.98
6694	0.66
6695	0.65
6696	0.97
6697	0.49
6698	0.34
6699	0.31
6700	0.46
6701	0.09
6702	0.23
6703	0.19
6704	0.76
6705	0.38
6706	0.45
6707	0.88
6708	0.19
6709	0.55
6710	0.18
6711	0.75
6712	0.78
6713	0.32
6714	0.39
6715	1.38
6716	1.5
6717	1.11
6718	0.98
6719	0.65
6720	0.85
6721	0.04
6722	0.6
6723	0.32
6724	0.29
6725	1.11
6726	0.14
6727	0.33
6728	0.77
6729	0.51
6730	0.75
6731	0.61
6732	0.22
6733	0.25
6734	0.39
6735	0.11
6736	0.68
6737	0.36
6738	0.62
6739	0.64
6740	0.48
6741	0.77
6742	0.1
6743	0.87
6744	0.47
6745	0.58
6746	0.02
6747	0.3
6748	0.64
6749	0.33
6750	0.33
6751	0.48
6752	0.39
6753	0.45
6754	1.02
6755	0.88
6756	0.42
6757	0.63
6758	1.04
6759	0.53
6760	0.94
6761	0.83
6762	1.06
6763	0.39
6764	0.23
6765	0.59
6766	0.74
6767	0.88
6768	0.27
6769	0.09
6770	0.56
6771	0.51
6772	0.58
6773	0.6
6774	0.68
6775	0.49
6776	0.81
6777	0.12
6778	0.48
6779	1.41
6780	0.7
6781	0.68
6782	0.03
6783	0.35
6784	0.82
6785	0.78
6786	0.54
6787	0.55
6788	0.71
6789	0.08
6790	0.77
6791	0.66
6792	0.05
6793	0.32
6794	0.06
6795	0.91
6796	0.04
6797	0.73
6798	0.49
6799	0.21
6800	0.96
6801	0.25
6802	0.81
6803	0.77
6804	0.26
6805	0.63
6806	0.52
6807	0.34
6808	1.0
6809	0.56
6810	0.75
6811	0.8
6812	1.03
6813	0.51
6814	0.34
6815	0.62
6816	0.05
6817	0.81
6818	0.47
6819	1.04
6820	0.34
6821	0.57
6822	0.6
6823	0.36
6824	1.2
6825	0.01
6826	0.17
6827	0.41
6828	0.83
6829	0.2
6830	0.15
6831	0.04
6832	0.82
6833	0.63
6834	0.24
6835	1.52
6836	0.29
6837	0.14
6838	0.47
6839	0.31
6840	1.13
6841	0.25
6842	0.62
6843	0.12
6844	1.0
6845	0.42
6846	0.63
6847	0.43
6848	0.89
6849	1.13
6850	0.26
6851	0.84
6852	0.61
6853	0.28
6854	0.58
6855	0.54
6856	0.81
6857	0.08
6858	0.83
6859	0.73
6860	0.7
6861	0.24
6862	0.14
6863	0.81
6864	0.58
6865	0.42
6866	0.49
6867	0.63
6868	0.67
6869	0.11
6870	0.77
6871	0.82
6872	0.91
6873	0.6
6874	0.24
6875	0.11
6876	0.94
6877	1.02
6878	1.16
6879	0.56
6880	0.2
6881	0.41
6882	0.93
6883	0.41
6884	0.37
6885	0.91
6886	0.63
6887	0.83
6888	0.15
6889	0.83
6890	0.35
6891	0.95
6892	0.51
6893	0.33
6894	0.55
6895	0.05
6896	0.19
6897	0.33
6898	0.4
6899	0.34
6900	0.86
6901	0.37
6902	0.4
6903	0.62
6904	0.36
6905	1.12
6906	0.88
6907	0.84
6908	0.56
6909	0.48
6910	0.31
6911	0.58
6912	0.72
6913	0.48
6914	0.97
6915	0.84
6916	0.3
6917	0.69
6918	0.26
6919	0.83
6920	0.32
6921	0.39
6922	0.35
6923	1.56
6924	0.53
6925	0.1
6926	0.49
6927	0.88
6928	0.38
6929	0.13
6930	0.52
6931	0.24
6932	0.78
6933	0.34
6934	0.54
6935	0.49
6936	0.22
6937	0.4
6938	0.15
6939	0.2
6940	0.71
6941	0.57
6942	0.28
6943	0.29
6944	0.65
6945	0.13
6946	0.67
6947	0.68
6948	0.09
6949	0.9
6950	0.81
6951	0.35
6952	0.35
6953	0.65
6954	0.6
6955	0.79
6956	0.3
6957	0.48
6958	1.36
6959	1.4
6960	0.47
6961	1.49
6962	0.61
6963	0.48
6964	0.27
6965	0.28
6966	0.46
6967	0.67
6968	0.12
6969	0.67
6970	0.15
6971	0.76
6972	0.28
6973	0.67
6974	0.86
6975	1.24
6976	0.49
6977	0.5
6978	0.7
6979	0.48
6980	0.1
6981	0.53
6982	0.67
6983	0.67
6984	0.9
6985	0.34
6986	0.42
6987	0.4
6988	1.05
6989	0.53
6990	0.76
6991	0.16
6992	0.73
6993	0.59
6994	0.62
6995	0.49
6996	0.86
6997	0.14
6998	0.68
6999	0.45
7000	0.3
7001	1.08
7002	0.41
7003	0.31
7004	0.57
7005	0.73
7006	0.34
7007	0.16
7008	0.18
7009	0.91
7010	0.99
7011	0.3
7012	0.76
7013	0.34
7014	0.28
7015	0.42
7016	0.5
7017	0.04
7018	1.52
7019	0.38
7020	0.74
7021	0.23
7022	0.84
7023	0.9
7024	0.73
7025	0.38
7026	0.25
7027	0.59
7028	0.31
7029	0.57
7030	0.91
7031	0.09
7032	0.12
7033	0.3
7034	0.1
7035	0.24
7036	0.52
7037	0.93
7038	0.36
7039	0.5
7040	0.48
7041	0.33
7042	1.15
7043	0.08
7044	0.52
7045	0.52
7046	0.26
7047	0.35
7048	0.65
7049	0.24
7050	0.7
7051	1.52
7052	0.33
7053	0.94
7054	0.14
7055	0.65
7056	0.91
7057	0.32
7058	1.33
7059	0.46
7060	0.95
7061	0.22
7062	0.17
7063	0.36
7064	0.61
7065	1.52
7066	0.54
7067	0.83
7068	0.29
7069	0.27
7070	0.22
7071	0.31
7072	1.01
7073	0.57
7074	0.69
7075	0.29
7076	0.73
7077	0.95
7078	0.92
7079	0.6
7080	0.2
7081	0.65
7082	0.24
7083	0.84
7084	0.35
7085	0.77
7086	1.06
7087	0.75
7088	0.6
7089	0.5
7090	0.47
7091	0.91
7092	0.13
7093	0.23
7094	0.56
7095	0.48
7096	0.0
7097	0.98
7098	0.84
7099	0.86
7100	0.99
7101	0.93
7102	0.08
7103	0.28
7104	1.2
7105	0.13
7106	1.03
7107	0.26
7108	0.17
7109	1.1
7110	0.27
7111	0.04
7112	0.55
7113	0.67
7114	0.38
7115	0.14
7116	0.02
7117	0.91
7118	0.33
7119	0.6
7120	0.5
7121	0.37
7122	0.28
7123	0.54
7124	0.13
7125	0.4
7126	0.49
7127	0.5
7128	0.29
7129	1.15
7130	0.54
7131	0.42
7132	0.49
7133	0.97
7134	0.3
7135	0.39
7136	1.27
7137	0.3
7138	0.15
7139	0.21
7140	0.49
7141	0.45
7142	0.74
7143	0.5
7144	0.9
7145	0.43
7146	0.16
7147	1.02
7148	0.15
7149	0.38
7150	0.54
7151	0.2
7152	0.59
7153	0.32
7154	0.11
7155	0.28
7156	0.13
7157	0.75
7158	0.24
7159	0.61
7160	0.15
7161	0.5
7162	0.72
7163	0.22
7164	0.52
7165	0.32
7166	0.56
7167	0.67
7168	0.24
7169	0.71
7170	0.1
7171	0.94
7172	0.54
7173	0.96
7174	0.07
7175	0.38
7176	0.32
7177	0.28
7178	0.26
7179	0.25
7180	0.6
7181	0.35
7182	0.84
7183	1.08
7184	0.28
7185	0.64
7186	0.71
7187	0.12
7188	0.55
7189	0.83
7190	1.42
7191	0.47
7192	0.36
7193	0.48
7194	0.75
7195	0.14
7196	0.77
7197	0.26
7198	0.61
7199	0.4
7200	0.21
7201	0.8
7202	0.4
7203	0.17
7204	0.7
7205	0.24
7206	0.36
7207	0.29
7208	0.57
7209	0.57
7210	0.04
7211	1.01
7212	0.54
7213	0.7
7214	0.52
7215	0.41
7216	0.49
7217	0.32
7218	0.32
7219	0.4
7220	0.48
7221	0.08
7222	0.27
7223	1.02
7224	0.95
7225	0.47
7226	0.47
7227	1.07
7228	0.65
7229	0.14
7230	0.95
7231	0.65
7232	0.32
7233	0.32
7234	0.83
7235	0.9
7236	0.03
7237	0.31
7238	0.55
7239	0.56
7240	0.42
7241	0.94
7242	0.27
7243	1.01
7244	1.0
7245	0.54
7246	0.14
7247	0.55
7248	0.62
7249	1.08
7250	0.27
7251	0.67
7252	0.65
7253	0.65
7254	0.84
7255	0.23
7256	0.23
7257	0.39
7258	0.7
7259	0.23
7260	0.41
7261	0.95
7262	1.07
7263	0.11
7264	0.42
7265	1.03
7266	0.33
7267	0.28
7268	0.22
7269	0.45
7270	0.94
7271	1.04
7272	0.26
7273	0.4
7274	0.47
7275	0.58
7276	0.63
7277	0.37
7278	0.57
7279	0.9
7280	0.4
7281	0.71
7282	0.48
7283	0.17
7284	0.76
7285	0.99
7286	0.66
7287	0.51
7288	0.52
7289	1.14
7290	0.55
7291	0.18
7292	0.62
7293	0.33
7294	0.97
7295	1.04
7296	0.5
7297	0.58
7298	0.31
7299	0.73
7300	0.84
7301	1.27
7302	0.06
7303	0.27
7304	0.89
7305	0.76
7306	0.77
7307	0.95
7308	0.94
7309	0.17
7310	0.58
7311	0.72
7312	0.55
7313	0.27
7314	0.7
7315	0.42
7316	0.23
7317	0.47
7318	0.87
7319	0.28
7320	0.72
7321	0.88
7322	0.89
7323	0.72
7324	0.29
7325	1.03
7326	0.4
7327	1.32
7328	1.24
7329	0.28
7330	1.05
7331	0.85
7332	0.67
7333	0.6
7334	0.47
7335	0.15
7336	1.0
7337	1.55
7338	0.72
7339	0.33
7340	1.21
7341	0.75
7342	0.63
7343	0.78
7344	0.0
7345	0.53
7346	0.22
7347	0.7
7348	0.67
7349	0.61
7350	0.47
7351	0.13
7352	0.41
7353	0.66
7354	0.34
7355	0.7
7356	0.77
7357	1.32
7358	0.82
7359	0.57
7360	0.36
7361	0.36
7362	0.55
7363	0.51
7364	0.04
7365	0.89
7366	0.59
7367	0.1
7368	1.14
7369	0.76
7370	0.21
7371	0.37
7372	0.29
7373	1.0
7374	0.98
7375	0.84
7376	0.17
7377	0.39
7378	0.91
7379	0.57
7380	0.67
7381	0.29
7382	1.45
7383	0.28
7384	0.9
7385	0.63
7386	0.45
7387	0.5
7388	0.79
7389	0.28
7390	0.43
7391	0.92
7392	0.89
7393	0.59
7394	0.11
7395	0.75
7396	0.13
7397	1.17
7398	0.96
7399	0.73
7400	0.53
7401	1.42
7402	1.16
7403	0.64
7404	0.28
7405	0.47
7406	0.57
7407	0.29
7408	0.18
7409	0.31
7410	1.1
7411	0.33
7412	0.73
7413	0.39
7414	1.4
7415	0.33
7416	0.42
7417	0.37
7418	0.61
7419	0.42
7420	0.37
7421	0.62
7422	0.86
7423	0.46
7424	0.64
7425	0.16
7426	0.36
7427	0.29
7428	0.79
7429	0.17
7430	0.96
7431	0.14
7432	0.36
7433	0.28
7434	0.69
7435	0.11
7436	1.06
7437	0.44
7438	1.3
7439	0.62
7440	0.29
7441	0.38
7442	1.06
7443	0.24
7444	0.78
7445	1.07
7446	0.51
7447	0.84
7448	0.28
7449	0.2
7450	0.67
7451	0.62
7452	0.78
7453	0.78
7454	0.42
7455	0.52
7456	0.72
7457	0.58
7458	0.89
7459	0.14
7460	1.08
7461	0.34
7462	0.2
7463	1.54
7464	0.49
7465	1.28
7466	0.15
7467	0.29
7468	0.19
7469	0.02
7470	0.39
7471	0.66
7472	0.68
7473	0.05
7474	0.04
7475	0.78
7476	0.48
7477	0.66
7478	0.25
7479	0.14
7480	0.79
7481	0.96
7482	0.39
7483	0.35
7484	0.49
7485	0.56
7486	0.75
7487	0.23
7488	0.27
7489	0.22
7490	0.74
7491	0.3
7492	0.88
7493	0.24
7494	0.24
7495	0.66
7496	0.45
7497	0.6
7498	0.27
7499	0.23
7500	0.63
7501	0.27
7502	0.76
7503	0.57
7504	0.4
7505	0.13
7506	0.44
7507	0.91
7508	0.37
7509	0.88
7510	0.25
7511	0.46
7512	0.39
7513	0.63
7514	0.53
7515	0.61
7516	0.18
7517	0.53
7518	0.34
7519	0.99
7520	0.16
7521	0.18
7522	0.6
7523	0.72
7524	0.74
7525	0.77
7526	0.81
7527	0.61
7528	0.38
7529	0.68
7530	0.31
7531	0.58
7532	0.35
7533	1.24
7534	0.23
7535	0.33
7536	0.38
7537	0.48
7538	0.49
7539	0.32
7540	0.45
7541	1.1
7542	0.99
7543	0.39
7544	0.24
7545	0.73
7546	0.27
7547	0.43
7548	0.87
7549	0.11
7550	0.81
7551	0.66
7552	0.07
7553	0.27
7554	0.85
7555	0.35
7556	0.46
7557	1.09
7558	0.52
7559	0.69
7560	0.11
7561	1.03
7562	1.35
7563	0.42
7564	0.47
7565	0.48
7566	0.7
7567	0.09
7568	0.22
7569	0.5
7570	0.6
7571	0.89
7572	0.75
7573	0.01
7574	0.4
7575	0.53
7576	0.76
7577	0.74
7578	0.81
7579	0.9
7580	0.7
7581	0.68
7582	0.42
7583	0.58
7584	0.41
7585	0.64
7586	0.75
7587	0.61
7588	0.03
7589	0.43
7590	0.75
7591	0.68
7592	0.04
7593	0.4
7594	0.41
7595	0.11
7596	0.8
7597	0.47
7598	0.77
7599	0.37
7600	0.67
7601	0.37
7602	0.51
7603	0.07
7604	0.17
7605	0.24
7606	0.46
7607	0.64
7608	1.12
7609	0.99
7610	0.32
7611	0.36
7612	0.2
7613	0.47
7614	0.84
7615	0.54
7616	0.78
7617	0.15
7618	0.16
7619	0.27
7620	0.63
7621	0.9
7622	0.4
7623	0.49
7624	0.29
7625	1.14
7626	0.43
7627	0.93
7628	0.39
7629	0.63
7630	0.56
7631	0.76
7632	0.4
7633	0.05
7634	0.3
7635	0.65
7636	0.01
7637	0.17
7638	0.65
7639	0.07
7640	0.5
7641	0.17
7642	0.44
7643	0.18
7644	0.63
7645	0.59
7646	0.03
7647	0.32
7648	0.39
7649	0.32
7650	0.19
7651	0.39
7652	0.69
7653	0.08
7654	0.72
7655	0.48
7656	0.12
7657	0.08
7658	0.53
7659	0.33
7660	0.04
7661	0.28
7662	0.51
7663	0.58
7664	0.1
7665	0.95
7666	0.53
7667	0.77
7668	0.54
7669	0.78
7670	0.62
7671	0.67
7672	0.07
7673	0.74
7674	0.57
7675	0.83
7676	0.01
7677	0.48
7678	0.5
7679	0.62
7680	0.77
7681	0.48
7682	0.49
7683	0.45
7684	0.54
7685	0.26
7686	0.39
7687	0.31
7688	0.66
7689	0.81
7690	0.44
7691	0.43
7692	0.4
7693	0.69
7694	0.22
7695	0.18
7696	0.44
7697	0.6
7698	0.78
7699	0.52
7700	0.23
7701	0.0
7702	0.75
7703	0.04
7704	0.24
7705	0.74
7706	0.78
7707	0.32
7708	0.91
7709	0.06
7710	0.54
7711	1.0
7712	0.21
7713	0.68
7714	0.56
7715	0.59
7716	0.38
7717	0.12
7718	0.77
7719	0.13
7720	0.63
7721	0.49
7722	0.88
7723	1.07
7724	0.79
7725	0.48
7726	0.42
7727	0.2
7728	0.64
7729	0.56
7730	0.38
7731	1.42
7732	1.16
7733	0.08
7734	0.62
7735	0.72
7736	0.87
7737	0.51
7738	0.43
7739	0.27
7740	0.34
7741	0.6
7742	0.77
7743	0.65
7744	0.62
7745	0.35
7746	0.46
7747	0.5
7748	0.44
7749	1.25
7750	0.33
7751	0.76
7752	0.4
7753	0.54
7754	1.0
7755	0.68
7756	0.86
7757	1.27
7758	0.4
7759	0.33
7760	0.71
7761	0.67
7762	0.13
7763	0.22
7764	0.94
7765	0.11
7766	0.15
7767	0.03
7768	0.65
7769	0.99
7770	0.22
7771	0.74
7772	0.94
7773	0.55
7774	0.48
7775	0.23
7776	0.83
7777	0.43
7778	0.51
7779	0.16
7780	0.31
7781	0.79
7782	1.11
7783	0.25
7784	0.39
7785	0.55
7786	1.35
7787	0.45
7788	0.64
7789	1.08
7790	1.01
7791	0.48
7792	0.78
7793	0.18
7794	0.32
7795	0.83
7796	0.44
7797	0.62
7798	0.24
7799	0.4
7800	0.7
7801	1.1
7802	0.18
7803	0.46
7804	0.85
7805	0.05
7806	0.26
7807	0.44
7808	0.0
7809	1.06
7810	0.39
7811	0.84
7812	0.46
7813	0.87
7814	0.6
7815	0.39
7816	0.28
7817	0.64
7818	0.82
7819	0.8
7820	1.07
7821	0.35
7822	0.21
7823	0.13
7824	0.96
7825	0.25
7826	0.46
7827	0.9
7828	0.78
7829	0.67
7830	0.16
7831	0.05
7832	0.8
7833	0.34
7834	0.75
7835	0.78
7836	0.58
7837	0.12
7838	1.0
7839	0.26
7840	0.95
7841	0.41
7842	0.65
7843	0.36
7844	0.5
7845	0.33
7846	0.53
7847	0.84
7848	0.92
7849	0.34
7850	0.32
7851	0.72
7852	0.52
7853	1.0
7854	1.07
7855	0.68
7856	0.39
7857	0.36
7858	0.32
7859	1.03
7860	0.62
7861	0.49
7862	0.66
7863	0.67
7864	0.37
7865	0.35
7866	0.27
7867	0.38
7868	0.38
7869	0.51
7870	0.76
7871	0.41
7872	0.56
7873	0.39
7874	0.98
7875	0.31
7876	0.55
7877	0.56
7878	0.65
7879	0.41
7880	0.22
7881	0.07
7882	0.61
7883	1.17
7884	0.27
7885	0.49
7886	0.08
7887	0.31
7888	0.82
7889	0.32
7890	0.39
7891	0.49
7892	0.52
7893	0.1
7894	0.81
7895	0.15
7896	0.63
7897	0.75
7898	0.2
7899	0.9
7900	0.0
7901	0.21
7902	0.1
7903	0.48
7904	0.28
7905	0.63
7906	0.42
7907	0.56
7908	0.09
7909	0.98
7910	0.72
7911	0.46
7912	0.18
7913	0.87
7914	0.68
7915	0.76
7916	1.23
7917	0.7
7918	0.96
7919	0.98
7920	0.36
7921	1.33
7922	0.21
7923	0.69
7924	0.19
7925	0.76
7926	0.5
7927	0.37
7928	0.53
7929	0.73
7930	0.22
7931	0.31
7932	0.5
7933	0.47
7934	0.34
7935	0.45
7936	0.43
7937	0.77
7938	0.24
7939	1.04
7940	0.59
7941	0.09
7942	0.67
7943	1.14
7944	0.5
7945	0.68
7946	0.46
7947	0.77
7948	0.61
7949	0.7
7950	0.5
7951	1.01
7952	1.07
7953	1.0
7954	1.09
7955	0.17
7956	0.49
7957	0.34
7958	0.91
7959	0.47
7960	1.16
7961	0.31
7962	1.51
7963	0.02
7964	0.87
7965	0.49
7966	0.43
7967	0.87
7968	0.39
7969	0.42
7970	0.17
7971	0.69
7972	1.1
7973	0.23
7974	0.76
7975	0.74
7976	0.83
7977	1.33
7978	0.23
7979	0.49
7980	0.32
7981	0.27
7982	0.38
7983	0.41
7984	0.6
7985	0.88
7986	0.31
7987	0.65
7988	0.31
7989	1.04
7990	0.11
7991	0.4
7992	0.35
7993	0.53
7994	0.96
7995	0.63
7996	0.67
7997	0.38
7998	0.12
7999	0.08
8000	0.65
8001	0.26
8002	0.33
8003	0.2
8004	0.19
8005	1.01
8006	0.59
8007	0.58
8008	0.07
8009	0.83
8010	0.71
8011	1.28
8012	0.61
8013	1.19
8014	0.29
8015	0.91
8016	0.76
8017	0.39
8018	0.96
8019	0.11
8020	1.05
8021	0.4
8022	0.08
8023	0.29
8024	0.47
8025	0.6
8026	0.29
8027	0.49
8028	0.9
8029	0.86
8030	0.84
8031	0.56
8032	0.63
8033	0.73
8034	0.63
8035	0.5
8036	0.39
8037	0.27
8038	0.91
8039	0.66
8040	1.17
8041	0.36
8042	0.52
8043	0.29
8044	0.02
8045	0.72
8046	0.02
8047	0.16
8048	0.75
8049	0.62
8050	0.87
8051	0.4
8052	0.31
8053	1.07
8054	0.71
8055	0.68
8056	0.79
8057	0.7
8058	0.18
8059	0.4
8060	0.22
8061	0.06
8062	0.58
8063	0.93
8064	0.08
8065	0.19
8066	0.52
8067	0.19
8068	0.89
8069	0.59
8070	1.15
8071	0.45
8072	0.82
8073	0.81
8074	0.62
8075	0.47
8076	0.39
8077	0.29
8078	0.88
8079	0.21
8080	0.61
8081	0.92
8082	0.44
8083	0.31
8084	0.98
8085	0.5
8086	0.86
8087	0.7
8088	0.21
8089	0.84
8090	0.07
8091	0.06
8092	0.46
8093	1.16
8094	0.36
8095	0.89
8096	0.57
8097	1.59
8098	0.8
8099	0.43
8100	0.25
8101	0.09
8102	0.67
8103	0.4
8104	0.47
8105	0.58
8106	0.64
8107	0.56
8108	0.93
8109	0.69
8110	0.15
8111	0.62
8112	0.2
8113	0.22
8114	0.26
8115	0.38
8116	0.7
8117	0.35
8118	0.12
8119	1.06
8120	0.6
8121	0.43
8122	1.11
8123	0.06
8124	0.38
8125	0.34
8126	0.17
8127	0.59
8128	0.62
8129	0.41
8130	0.29
8131	0.45
8132	0.89
8133	0.31
8134	0.06
8135	0.85
8136	0.14
8137	0.83
8138	0.49
8139	0.9
8140	0.15
8141	0.42
8142	0.32
8143	0.97
8144	0.48
8145	0.61
8146	0.79
8147	0.27
8148	0.45
8149	0.28
8150	0.13
8151	0.12
8152	0.54
8153	0.78
8154	0.26
8155	0.56
8156	0.93
8157	0.1
8158	0.32
8159	0.64
8160	0.31
8161	0.7
8162	0.14
8163	0.54
8164	0.52
8165	0.53
8166	0.67
8167	0.42
8168	0.85
8169	0.64
8170	0.57
8171	0.36
8172	0.19
8173	0.97
8174	0.61
8175	0.08
8176	0.22
8177	1.08
8178	1.06
8179	0.71
8180	0.64
8181	1.01
8182	0.1
8183	0.85
8184	0.88
8185	0.48
8186	1.19
8187	0.58
8188	0.64
8189	0.18
8190	0.86
8191	0.19
8192	0.08
8193	0.41
8194	0.39
8195	0.78
8196	0.8
8197	0.51
8198	0.79
8199	0.39
8200	0.16
8201	0.85
8202	0.04
8203	0.98
8204	0.38
8205	0.51
8206	1.21
8207	0.21
8208	0.6
8209	1.07
8210	0.9
8211	0.31
8212	0.14
8213	0.58
8214	0.5
8215	0.01
8216	0.78
8217	0.77
8218	0.7
8219	0.88
8220	0.75
8221	0.34
8222	0.03
8223	0.39
8224	0.61
8225	0.29
8226	0.27
8227	0.21
8228	0.09
8229	0.87
8230	0.51
8231	0.76
8232	0.96
8233	0.01
8234	1.25
8235	0.87
8236	0.38
8237	0.45
8238	0.39
8239	0.39
8240	0.36
8241	0.36
8242	0.13
8243	0.13
8244	0.86
8245	0.13
8246	0.2
8247	0.46
8248	0.55
8249	0.55
8250	0.26
8251	0.52
8252	0.25
8253	0.49
8254	0.39
8255	0.31
8256	0.25
8257	0.8
8258	0.16
8259	0.52
8260	0.78
8261	1.04
8262	0.89
8263	0.47
8264	0.65
8265	0.05
8266	0.78
8267	0.96
8268	0.5
8269	0.04
8270	0.99
8271	1.08
8272	0.51
8273	0.8
8274	0.23
8275	0.65
8276	0.44
8277	0.64
8278	0.5
8279	0.33
8280	0.36
8281	0.77
8282	0.78
8283	0.56
8284	0.29
8285	0.41
8286	0.02
8287	1.01
8288	0.34
8289	0.19
8290	0.56
8291	0.11
8292	0.74
8293	0.95
8294	1.0
8295	0.45
8296	0.81
8297	0.3
